4.754958152770996094e+00
4.818180561065673828e+00
4.751430511474609375e+00
4.713347434997558594e+00
4.821062564849853516e+00
4.781765460968017578e+00
4.778844833374023438e+00
4.671968460083007812e+00
4.781771659851074219e+00
4.725906848907470703e+00
4.687958717346191406e+00
4.716614723205566406e+00
4.738021850585937500e+00
4.734323024749755859e+00
4.756077766418457031e+00
4.755232810974121094e+00
4.718914031982421875e+00
4.708088397979736328e+00
4.714438915252685547e+00
4.823328495025634766e+00
4.726345539093017578e+00
4.769958496093750000e+00
4.748622894287109375e+00
4.718578338623046875e+00
4.753177165985107422e+00
4.737457275390625000e+00
4.804920196533203125e+00
4.789958000183105469e+00
4.709183692932128906e+00
4.710846900939941406e+00
4.752090930938720703e+00
4.808716773986816406e+00
4.751744747161865234e+00
4.782059669494628906e+00
4.753426074981689453e+00
4.731535434722900391e+00
4.783436298370361328e+00
4.755502700805664062e+00
4.797761440277099609e+00
4.749620914459228516e+00
4.724227905273437500e+00
4.790640830993652344e+00
4.709410190582275391e+00
4.724982261657714844e+00
4.749812602996826172e+00
4.683602809906005859e+00
4.796766757965087891e+00
4.782829284667968750e+00
4.743056297302246094e+00
4.712571144104003906e+00
4.736248493194580078e+00
4.877689361572265625e+00
4.793200969696044922e+00
4.660675048828125000e+00
4.834125995635986328e+00
4.760211467742919922e+00
4.762936592102050781e+00
4.741393089294433594e+00
4.775489330291748047e+00
4.716812610626220703e+00
4.773397445678710938e+00
4.726858615875244141e+00
4.692534923553466797e+00
4.758516311645507812e+00
4.736289978027343750e+00
4.696336746215820312e+00
4.640316009521484375e+00
4.848064422607421875e+00
4.783299922943115234e+00
4.768230915069580078e+00
4.773977756500244141e+00
4.745909690856933594e+00
4.776489734649658203e+00
4.769674301147460938e+00
4.751393795013427734e+00
4.774737358093261719e+00
4.755333423614501953e+00
4.761302471160888672e+00
4.751483917236328125e+00
4.822591304779052734e+00
4.741338253021240234e+00
4.755272865295410156e+00
4.768434047698974609e+00
4.762672424316406250e+00
4.690559387207031250e+00
4.797063350677490234e+00
4.720386505126953125e+00
4.785388946533203125e+00
4.750268936157226562e+00
4.731635093688964844e+00
4.724583148956298828e+00
4.731641769409179688e+00
4.769482135772705078e+00
4.757606506347656250e+00
4.746996879577636719e+00
4.716060161590576172e+00
4.692079067230224609e+00
4.746568679809570312e+00
4.860716342926025391e+00
4.808018207550048828e+00
4.700714111328125000e+00
4.768962383270263672e+00
4.694048881530761719e+00
4.773409843444824219e+00
4.720908641815185547e+00
4.739876747131347656e+00
4.755521774291992188e+00
4.821307659149169922e+00
4.762810707092285156e+00
4.779304504394531250e+00
4.682992458343505859e+00
4.715729713439941406e+00
4.687926292419433594e+00
4.776095867156982422e+00
4.716883659362792969e+00
4.719725131988525391e+00
4.742408752441406250e+00
4.757008075714111328e+00
4.802879810333251953e+00
4.737395286560058594e+00
4.756493091583251953e+00
4.798124790191650391e+00
4.866113662719726562e+00
4.762186527252197266e+00
4.721368789672851562e+00
4.839478969573974609e+00
4.799850463867187500e+00
4.733193397521972656e+00
4.835197925567626953e+00
4.677908897399902344e+00
4.701031684875488281e+00
4.783993721008300781e+00
4.775835037231445312e+00
4.622860908508300781e+00
4.696546077728271484e+00
4.721542835235595703e+00
4.719869613647460938e+00
4.735728263854980469e+00
4.725484371185302734e+00
4.762719631195068359e+00
4.735343933105468750e+00
4.797840595245361328e+00
4.809439182281494141e+00
4.785018444061279297e+00
4.765182018280029297e+00
4.736072063446044922e+00
4.712723731994628906e+00
4.816989898681640625e+00
4.726066589355468750e+00
4.772051811218261719e+00
4.714188575744628906e+00
4.711583614349365234e+00
4.735801696777343750e+00
4.809830665588378906e+00
4.771284103393554688e+00
4.737310886383056641e+00
4.730870723724365234e+00
4.726871013641357422e+00
4.760216712951660156e+00
4.820744991302490234e+00
4.778124332427978516e+00
4.764980792999267578e+00
4.734538555145263672e+00
4.778839111328125000e+00
4.737645626068115234e+00
4.707543849945068359e+00
4.733800888061523438e+00
4.726846218109130859e+00
4.728401660919189453e+00
4.734050273895263672e+00
4.781647682189941406e+00
4.797534942626953125e+00
4.750947475433349609e+00
4.801435470581054688e+00
4.731469631195068359e+00
4.704241752624511719e+00
4.738551616668701172e+00
4.826627254486083984e+00
4.743270397186279297e+00
4.773963451385498047e+00
4.801304817199707031e+00
4.790731430053710938e+00
4.739633083343505859e+00
4.775939941406250000e+00
4.666809082031250000e+00
4.750815868377685547e+00
4.743399620056152344e+00
4.809603214263916016e+00
4.747362136840820312e+00
4.737532138824462891e+00
4.769522190093994141e+00
4.754185676574707031e+00
4.718150138854980469e+00
4.717109680175781250e+00
4.764186859130859375e+00
4.794677257537841797e+00
4.725407600402832031e+00
4.819343090057373047e+00
4.707730770111083984e+00
4.738365650177001953e+00
4.739840507507324219e+00
4.789395809173583984e+00
4.665694236755371094e+00
4.694931030273437500e+00
4.679162979125976562e+00
4.787277698516845703e+00
4.778060913085937500e+00
4.765676498413085938e+00
4.692112445831298828e+00
4.715291976928710938e+00
4.766222953796386719e+00
4.738433361053466797e+00
4.786507129669189453e+00
4.706839084625244141e+00
4.660188198089599609e+00
4.792193889617919922e+00
4.716078758239746094e+00
4.777339935302734375e+00
4.741583824157714844e+00
4.757428646087646484e+00
4.707184791564941406e+00
4.790510654449462891e+00
4.722520351409912109e+00
4.717793941497802734e+00
4.681438922882080078e+00
4.811211585998535156e+00
4.703157424926757812e+00
4.754044532775878906e+00
4.794126510620117188e+00
4.767206668853759766e+00
4.685475349426269531e+00
4.854071140289306641e+00
4.762913703918457031e+00
4.776572704315185547e+00
4.778745174407958984e+00
4.786858558654785156e+00
4.755399703979492188e+00
4.700104236602783203e+00
4.788772583007812500e+00
4.793708324432373047e+00
4.752602577209472656e+00
4.686379432678222656e+00
4.761088848114013672e+00
4.807473182678222656e+00
4.712337493896484375e+00
4.681975841522216797e+00
4.789126873016357422e+00
4.785703659057617188e+00
4.763280868530273438e+00
4.744478702545166016e+00
4.722964286804199219e+00
4.811769485473632812e+00
4.728298187255859375e+00
4.698384761810302734e+00
4.762731075286865234e+00
4.781982421875000000e+00
4.759223461151123047e+00
4.786950588226318359e+00
4.787975311279296875e+00
4.770187377929687500e+00
4.721629142761230469e+00
4.823241710662841797e+00
4.707398414611816406e+00
4.775199890136718750e+00
4.679438591003417969e+00
4.723739147186279297e+00
4.794386863708496094e+00
4.708805084228515625e+00
4.693883895874023438e+00
4.775088310241699219e+00
4.746718406677246094e+00
4.759347915649414062e+00
4.743705749511718750e+00
4.729743957519531250e+00
4.742772579193115234e+00
4.740782260894775391e+00
4.767743110656738281e+00
4.709897994995117188e+00
4.697569370269775391e+00
4.655460834503173828e+00
4.689641952514648438e+00
4.661547660827636719e+00
4.656501293182373047e+00
4.774486541748046875e+00
4.794095516204833984e+00
4.694270133972167969e+00
4.749017238616943359e+00
4.715483188629150391e+00
4.761206626892089844e+00
4.735697746276855469e+00
4.771149158477783203e+00
4.686922073364257812e+00
4.785879611968994141e+00
4.784487724304199219e+00
4.739963054656982422e+00
4.817005634307861328e+00
4.748888969421386719e+00
4.756689071655273438e+00
4.739472866058349609e+00
4.771144390106201172e+00
4.705002307891845703e+00
4.702513694763183594e+00
4.751433849334716797e+00
4.741941928863525391e+00
4.749668121337890625e+00
4.688644409179687500e+00
4.751214027404785156e+00
4.703634262084960938e+00
4.727811813354492188e+00
4.800100803375244141e+00
4.820184707641601562e+00
4.696670055389404297e+00
4.707451343536376953e+00
4.726982116699218750e+00
4.749433517456054688e+00
4.820124149322509766e+00
4.766528129577636719e+00
4.797598838806152344e+00
4.745853900909423828e+00
4.648437500000000000e+00
4.698694229125976562e+00
4.746438026428222656e+00
4.694859504699707031e+00
4.726624488830566406e+00
4.862371444702148438e+00
4.728105068206787109e+00
4.653024196624755859e+00
4.734281539916992188e+00
4.710271358489990234e+00
4.778583049774169922e+00
4.693178176879882812e+00
4.772515296936035156e+00
4.756479740142822266e+00
4.745459079742431641e+00
4.711913108825683594e+00
4.722281455993652344e+00
4.861892700195312500e+00
4.729554176330566406e+00
4.676251888275146484e+00
4.730098247528076172e+00
4.646430969238281250e+00
4.696216583251953125e+00
4.678846359252929688e+00
4.699603080749511719e+00
4.716464519500732422e+00
4.710728645324707031e+00
4.737910747528076172e+00
4.788289546966552734e+00
4.701109886169433594e+00
4.795226097106933594e+00
4.787770271301269531e+00
4.812698841094970703e+00
4.744559288024902344e+00
4.722348690032958984e+00
4.731505870819091797e+00
4.773797035217285156e+00
4.675594329833984375e+00
4.746860504150390625e+00
4.738161087036132812e+00
4.730558872222900391e+00
4.786150932312011719e+00
4.702694416046142578e+00
4.678909778594970703e+00
4.742947101593017578e+00
4.743380069732666016e+00
4.750345706939697266e+00
4.788593769073486328e+00
4.777709484100341797e+00
4.765499591827392578e+00
4.804078102111816406e+00
4.755964279174804688e+00
4.691609382629394531e+00
4.759254455566406250e+00
4.686400413513183594e+00
4.775899410247802734e+00
4.731167316436767578e+00
4.765323638916015625e+00
4.773102283477783203e+00
4.698654174804687500e+00
4.777784824371337891e+00
4.773152828216552734e+00
4.673155784606933594e+00
4.780715942382812500e+00
4.812693119049072266e+00
4.771018505096435547e+00
4.760230541229248047e+00
4.718557834625244141e+00
4.826123714447021484e+00
4.776739597320556641e+00
4.726512432098388672e+00
4.733293056488037109e+00
4.783818244934082031e+00
4.722040176391601562e+00
4.700258731842041016e+00
4.762740135192871094e+00
4.764419078826904297e+00
4.761954784393310547e+00
4.719386100769042969e+00
4.678062915802001953e+00
4.676539421081542969e+00
4.757886409759521484e+00
4.759875774383544922e+00
4.709731578826904297e+00
4.752985954284667969e+00
4.703706264495849609e+00
4.806467056274414062e+00
4.683036804199218750e+00
4.721465110778808594e+00
4.731966972351074219e+00
4.769289016723632812e+00
4.708562850952148438e+00
4.754398822784423828e+00
4.700590610504150391e+00
4.759863853454589844e+00
4.777492523193359375e+00
4.647033691406250000e+00
4.836545944213867188e+00
4.707847595214843750e+00
4.757734298706054688e+00
4.677500724792480469e+00
4.725100517272949219e+00
4.791460990905761719e+00
4.741823673248291016e+00
4.776680946350097656e+00
4.814753055572509766e+00
4.771328926086425781e+00
4.737552165985107422e+00
4.753155231475830078e+00
4.708893775939941406e+00
4.677471160888671875e+00
4.713910579681396484e+00
4.748332977294921875e+00
4.675613880157470703e+00
4.758509159088134766e+00
4.693983078002929688e+00
4.771454334259033203e+00
4.770292282104492188e+00
4.761051177978515625e+00
4.751845836639404297e+00
4.701339721679687500e+00
4.788035869598388672e+00
4.774425983428955078e+00
4.727767467498779297e+00
4.749619483947753906e+00
4.769573688507080078e+00
4.769083499908447266e+00
4.764100551605224609e+00
4.819134712219238281e+00
4.762845516204833984e+00
4.718683242797851562e+00
4.726110935211181641e+00
4.732949733734130859e+00
4.755367755889892578e+00
4.701594352722167969e+00
4.743713855743408203e+00
4.711851596832275391e+00
4.714270114898681641e+00
4.779373168945312500e+00
4.763307571411132812e+00
4.798664569854736328e+00
4.788934230804443359e+00
4.817049980163574219e+00
4.751583576202392578e+00
4.807459354400634766e+00
4.695684432983398438e+00
4.746181488037109375e+00
4.677849769592285156e+00
4.738201141357421875e+00
4.681951045989990234e+00
4.723942756652832031e+00
4.727432250976562500e+00
4.710656166076660156e+00
4.658693313598632812e+00
4.819000720977783203e+00
4.766348838806152344e+00
4.827346801757812500e+00
4.732401847839355469e+00
4.745263576507568359e+00
4.681915283203125000e+00
4.752761840820312500e+00
4.749269008636474609e+00
4.738890171051025391e+00
4.725616455078125000e+00
4.746828556060791016e+00
4.721422195434570312e+00
4.748342514038085938e+00
4.759741306304931641e+00
4.801108360290527344e+00
4.696782112121582031e+00
4.757705688476562500e+00
4.744826316833496094e+00
4.769980430603027344e+00
4.795791149139404297e+00
4.730072975158691406e+00
4.730684757232666016e+00
4.731082439422607422e+00
4.760456562042236328e+00
4.772096157073974609e+00
4.773302078247070312e+00
4.770774364471435547e+00
4.705335140228271484e+00
4.719771385192871094e+00
4.801403522491455078e+00
4.734625339508056641e+00
4.837484359741210938e+00
4.827909946441650391e+00
4.785578250885009766e+00
4.676721572875976562e+00
4.748123168945312500e+00
4.687563896179199219e+00
4.794965744018554688e+00
4.727305889129638672e+00
4.732908248901367188e+00
4.767672538757324219e+00
4.752997398376464844e+00
4.765173435211181641e+00
4.748551368713378906e+00
4.747991085052490234e+00
4.643078804016113281e+00
4.718921184539794922e+00
4.726758003234863281e+00
4.709489345550537109e+00
4.723362445831298828e+00
4.812242984771728516e+00
4.800816059112548828e+00
4.665822982788085938e+00
4.819396018981933594e+00
4.743909358978271484e+00
4.666903018951416016e+00
4.746776580810546875e+00
4.681497573852539062e+00
4.749022483825683594e+00
4.718893051147460938e+00
4.756028652191162109e+00
4.784114360809326172e+00
4.784398555755615234e+00
4.785771369934082031e+00
4.759663581848144531e+00
4.715810298919677734e+00
4.759211540222167969e+00
4.696042537689208984e+00
4.685474872589111328e+00
4.797813892364501953e+00
4.770326137542724609e+00
4.763770103454589844e+00
4.711908340454101562e+00
4.720851421356201172e+00
4.744781494140625000e+00
4.799113273620605469e+00
4.801145553588867188e+00
4.718336582183837891e+00
4.737295627593994141e+00
4.704887390136718750e+00
4.749762535095214844e+00
4.771603584289550781e+00
4.673964023590087891e+00
4.700264930725097656e+00
4.713158130645751953e+00
4.768750667572021484e+00
4.678938388824462891e+00
4.771963119506835938e+00
4.696823596954345703e+00
4.674738883972167969e+00
4.737782955169677734e+00
4.705392360687255859e+00
4.733483791351318359e+00
4.722186088562011719e+00
4.800629138946533203e+00
4.792041778564453125e+00
4.753443241119384766e+00
4.710096836090087891e+00
4.783013820648193359e+00
4.702852725982666016e+00
4.726420879364013672e+00
4.684928894042968750e+00
4.710394859313964844e+00
4.757312297821044922e+00
4.738659858703613281e+00
4.759955406188964844e+00
4.741506099700927734e+00
4.774564266204833984e+00
4.755334854125976562e+00
4.712284088134765625e+00
4.754707813262939453e+00
4.689309120178222656e+00
4.737522125244140625e+00
4.760365486145019531e+00
4.750601291656494141e+00
4.696604728698730469e+00
4.718359947204589844e+00
4.801354885101318359e+00
4.737608909606933594e+00
4.680940151214599609e+00
4.733544349670410156e+00
4.748331069946289062e+00
4.739060401916503906e+00
4.787132263183593750e+00
4.768785953521728516e+00
4.742451190948486328e+00
4.748769760131835938e+00
4.648600101470947266e+00
4.705643177032470703e+00
4.780114650726318359e+00
4.795503139495849609e+00
4.761184215545654297e+00
4.739717483520507812e+00
4.766787052154541016e+00
4.733094215393066406e+00
4.800066947937011719e+00
4.675769329071044922e+00
4.744455337524414062e+00
4.773448467254638672e+00
4.795455932617187500e+00
4.774006843566894531e+00
4.717118263244628906e+00
4.771471500396728516e+00
4.713616847991943359e+00
4.760607242584228516e+00
4.800280570983886719e+00
4.736190795898437500e+00
4.708027362823486328e+00
4.736104965209960938e+00
4.780016422271728516e+00
4.756308078765869141e+00
4.716515541076660156e+00
4.691079139709472656e+00
4.784882545471191406e+00
4.699170112609863281e+00
4.666951656341552734e+00
4.701956272125244141e+00
4.635864734649658203e+00
4.656992435455322266e+00
4.744702339172363281e+00
4.736905097961425781e+00
4.746877670288085938e+00
4.758511066436767578e+00
4.813469409942626953e+00
4.777503013610839844e+00
4.649928569793701172e+00
4.700739860534667969e+00
4.800703048706054688e+00
4.764756679534912109e+00
4.708197593688964844e+00
4.824947357177734375e+00
4.803765773773193359e+00
4.735719680786132812e+00
4.727981090545654297e+00
4.736219406127929688e+00
4.725320816040039062e+00
4.823387622833251953e+00
4.754367828369140625e+00
4.802724838256835938e+00
4.781821727752685547e+00
4.707865238189697266e+00
4.719615459442138672e+00
4.797644138336181641e+00
4.766667366027832031e+00
4.737690925598144531e+00
4.745005607604980469e+00
4.851896286010742188e+00
4.734619617462158203e+00
4.785103321075439453e+00
4.756700515747070312e+00
4.770713329315185547e+00
4.774355411529541016e+00
4.792433738708496094e+00
4.772764205932617188e+00
4.712494850158691406e+00
4.712682247161865234e+00
4.839458465576171875e+00
4.721558570861816406e+00
4.718955993652343750e+00
4.789971351623535156e+00
4.698898315429687500e+00
4.780116081237792969e+00
4.696839809417724609e+00
4.723346710205078125e+00
4.818626880645751953e+00
4.710162639617919922e+00
4.719462871551513672e+00
4.726950645446777344e+00
4.725733280181884766e+00
4.694209098815917969e+00
4.719524383544921875e+00
4.794281005859375000e+00
4.738317489624023438e+00
4.761125564575195312e+00
4.727155208587646484e+00
4.761129856109619141e+00
4.757905483245849609e+00
4.723893642425537109e+00
4.738322257995605469e+00
4.746411323547363281e+00
4.788222789764404297e+00
4.778612136840820312e+00
4.730468750000000000e+00
4.714420795440673828e+00
4.702658653259277344e+00
4.740955352783203125e+00
4.759053230285644531e+00
4.729814529418945312e+00
4.785548210144042969e+00
4.720878124237060547e+00
4.664404869079589844e+00
4.663307189941406250e+00
4.650013923645019531e+00
4.715964317321777344e+00
4.755849838256835938e+00
4.720279216766357422e+00
4.697069644927978516e+00
4.777836322784423828e+00
4.709625720977783203e+00
4.757735729217529297e+00
4.735755443572998047e+00
4.753182888031005859e+00
4.734062194824218750e+00
4.724373817443847656e+00
4.700236797332763672e+00
4.780994415283203125e+00
4.815852642059326172e+00
4.783986091613769531e+00
4.705526828765869141e+00
4.751832008361816406e+00
4.773531913757324219e+00
4.718491077423095703e+00
4.716814517974853516e+00
4.721362113952636719e+00
4.723672866821289062e+00
4.733542442321777344e+00
4.720430850982666016e+00
4.709439277648925781e+00
4.750736236572265625e+00
4.700407505035400391e+00
4.752536773681640625e+00
4.757607936859130859e+00
4.715618610382080078e+00
4.776419639587402344e+00
4.748712062835693359e+00
4.719306468963623047e+00
4.714027881622314453e+00
4.716567993164062500e+00
4.750783920288085938e+00
4.659049034118652344e+00
4.747843742370605469e+00
4.601648330688476562e+00
4.722181320190429688e+00
4.684066772460937500e+00
4.728145122528076172e+00
4.676126956939697266e+00
4.718338012695312500e+00
4.581669330596923828e+00
4.791209220886230469e+00
4.726312160491943359e+00
4.701890468597412109e+00
4.825444221496582031e+00
4.780195713043212891e+00
4.787081718444824219e+00
4.669404029846191406e+00
4.804156780242919922e+00
4.741509437561035156e+00
4.762459278106689453e+00
4.775315761566162109e+00
4.724995613098144531e+00
4.799250125885009766e+00
4.745776653289794922e+00
4.728004932403564453e+00
4.774725914001464844e+00
4.842116355895996094e+00
4.698057174682617188e+00
4.706949234008789062e+00
4.737232208251953125e+00
4.757549762725830078e+00
4.764276504516601562e+00
4.713642120361328125e+00
4.762764453887939453e+00
4.775012016296386719e+00
4.730207443237304688e+00
4.728123664855957031e+00
4.691114902496337891e+00
4.776878833770751953e+00
4.699604511260986328e+00
4.709044456481933594e+00
4.730350017547607422e+00
4.757848739624023438e+00
4.757666110992431641e+00
4.787546157836914062e+00
4.683513641357421875e+00
4.704423904418945312e+00
4.799965858459472656e+00
4.759152412414550781e+00
4.805913925170898438e+00
4.674294471740722656e+00
4.752046585083007812e+00
4.673968315124511719e+00
4.688067913055419922e+00
4.762959480285644531e+00
4.819832801818847656e+00
4.701619148254394531e+00
4.725581169128417969e+00
4.699169158935546875e+00
4.812343597412109375e+00
4.604496955871582031e+00
4.776900291442871094e+00
4.831068038940429688e+00
4.709797859191894531e+00
4.701615333557128906e+00
4.725436687469482422e+00
4.795358657836914062e+00
4.633855342864990234e+00
4.720020771026611328e+00
4.740505218505859375e+00
4.773579120635986328e+00
4.737586021423339844e+00
4.738619804382324219e+00
4.732069015502929688e+00
4.811880111694335938e+00
4.769429683685302734e+00
4.766489028930664062e+00
4.695311546325683594e+00
4.753952980041503906e+00
4.759293556213378906e+00
4.720495223999023438e+00
4.705547809600830078e+00
4.781807899475097656e+00
4.829262256622314453e+00
4.765524864196777344e+00
4.748491764068603516e+00
4.706089973449707031e+00
4.700130462646484375e+00
4.710320472717285156e+00
4.766844749450683594e+00
4.771801948547363281e+00
4.716178894042968750e+00
4.717526912689208984e+00
4.685766220092773438e+00
4.733308792114257812e+00
4.756176471710205078e+00
4.732601642608642578e+00
4.708900451660156250e+00
4.742564201354980469e+00
4.754865646362304688e+00
4.742093086242675781e+00
4.715606212615966797e+00
4.717346668243408203e+00
4.744962215423583984e+00
4.736868381500244141e+00
4.757228374481201172e+00
4.737947463989257812e+00
4.777320861816406250e+00
4.684346675872802734e+00
4.761353969573974609e+00
4.744973182678222656e+00
4.838255882263183594e+00
4.764022350311279297e+00
4.712449550628662109e+00
4.752744674682617188e+00
4.686295509338378906e+00
4.675045490264892578e+00
4.749011993408203125e+00
4.725631237030029297e+00
4.761023521423339844e+00
4.689517498016357422e+00
4.737685680389404297e+00
4.749331474304199219e+00
4.723164081573486328e+00
4.800302505493164062e+00
4.695871353149414062e+00
4.696979999542236328e+00
4.718349456787109375e+00
4.706328392028808594e+00
4.746777057647705078e+00
4.727542877197265625e+00
4.770486831665039062e+00
4.769062042236328125e+00
4.766302108764648438e+00
4.791365623474121094e+00
4.753689765930175781e+00
4.734441280364990234e+00
4.752730369567871094e+00
4.736505031585693359e+00
4.793583869934082031e+00
4.754777431488037109e+00
4.657716751098632812e+00
4.764097213745117188e+00
4.687596797943115234e+00
4.682283878326416016e+00
4.750034809112548828e+00
4.764405727386474609e+00
4.763525009155273438e+00
4.774123191833496094e+00
4.720884799957275391e+00
4.748618125915527344e+00
4.710914611816406250e+00
4.760057926177978516e+00
4.743349075317382812e+00
4.834490299224853516e+00
4.786405086517333984e+00
4.726123809814453125e+00
4.665922164916992188e+00
4.734611988067626953e+00
4.739385128021240234e+00
4.740875244140625000e+00
4.672883033752441406e+00
4.725264549255371094e+00
4.817546844482421875e+00
4.668769836425781250e+00
4.730941295623779297e+00
4.658213615417480469e+00
4.772546291351318359e+00
4.660878658294677734e+00
4.708869934082031250e+00
4.708209514617919922e+00
4.715130805969238281e+00
4.705436229705810547e+00
4.685927391052246094e+00
4.746510028839111328e+00
4.768343448638916016e+00
4.725412368774414062e+00
4.753248691558837891e+00
4.767811298370361328e+00
4.756227016448974609e+00
4.701664924621582031e+00
4.759754657745361328e+00
4.784378528594970703e+00
4.715592861175537109e+00
4.727577209472656250e+00
4.757792472839355469e+00
4.779830455780029297e+00
4.783350467681884766e+00
4.790370941162109375e+00
4.735230445861816406e+00
4.779691219329833984e+00
4.678345203399658203e+00
4.769565105438232422e+00
4.713314533233642578e+00
4.762449741363525391e+00
4.711882114410400391e+00
4.761319637298583984e+00
4.805578231811523438e+00
4.732741832733154297e+00
4.705875396728515625e+00
4.771562099456787109e+00
4.745566844940185547e+00
4.752239704132080078e+00
4.756438732147216797e+00
4.733220577239990234e+00
4.791701793670654297e+00
4.723498821258544922e+00
4.754579544067382812e+00
4.769580841064453125e+00
4.706995964050292969e+00
4.716358661651611328e+00
4.701919078826904297e+00
4.696207523345947266e+00
4.742303848266601562e+00
4.843599319458007812e+00
4.740770816802978516e+00
4.692240715026855469e+00
4.801712036132812500e+00
4.724322319030761719e+00
4.738344192504882812e+00
4.745232582092285156e+00
4.736961364746093750e+00
4.680888652801513672e+00
4.744960308074951172e+00
4.660247325897216797e+00
4.758941173553466797e+00
4.736403465270996094e+00
4.771938800811767578e+00
4.720259189605712891e+00
4.828451156616210938e+00
4.684237957000732422e+00
4.698295116424560547e+00
4.745320320129394531e+00
4.742712497711181641e+00
4.634389877319335938e+00
4.769724845886230469e+00
4.709154129028320312e+00
4.691507816314697266e+00
4.696399688720703125e+00
4.798049926757812500e+00
4.718371868133544922e+00
4.741592884063720703e+00
4.719698429107666016e+00
4.688070774078369141e+00
4.730872154235839844e+00
4.750636100769042969e+00
4.783356189727783203e+00
4.737400531768798828e+00
4.798356533050537109e+00
4.786292552947998047e+00
4.741393566131591797e+00
4.732154369354248047e+00
4.739262580871582031e+00
4.769531250000000000e+00
4.760249137878417969e+00
4.650752544403076172e+00
4.759226799011230469e+00
4.681673049926757812e+00
4.752104759216308594e+00
4.763904571533203125e+00
4.796916007995605469e+00
4.834073543548583984e+00
4.730034828186035156e+00
4.754918575286865234e+00
4.682887077331542969e+00
4.786775588989257812e+00
4.761048316955566406e+00
4.731155395507812500e+00
4.743859291076660156e+00
4.716539382934570312e+00
4.802279472351074219e+00
4.786284923553466797e+00
4.683874607086181641e+00
4.677841186523437500e+00
4.700630187988281250e+00
4.777038574218750000e+00
4.709047317504882812e+00
4.685675144195556641e+00
4.661072731018066406e+00
4.716731071472167969e+00
4.741545677185058594e+00
4.686737537384033203e+00
4.757630348205566406e+00
4.678392887115478516e+00
4.721086502075195312e+00
4.731796741485595703e+00
4.715652942657470703e+00
4.758451938629150391e+00
4.667223930358886719e+00
4.722359657287597656e+00
4.725767612457275391e+00
4.674430370330810547e+00
4.766265392303466797e+00
4.818357944488525391e+00
4.811665534973144531e+00
4.747699260711669922e+00
4.692430019378662109e+00
4.753420352935791016e+00
4.758698463439941406e+00
4.691394329071044922e+00
4.766308784484863281e+00
4.713310718536376953e+00
4.715290546417236328e+00
4.764312267303466797e+00
4.750407695770263672e+00
4.757334232330322266e+00
4.743657112121582031e+00
4.789494037628173828e+00
4.715353965759277344e+00
4.749093055725097656e+00
4.740428447723388672e+00
4.698587417602539062e+00
4.680862903594970703e+00
4.766143798828125000e+00
4.788775444030761719e+00
4.753788948059082031e+00
4.716302871704101562e+00
4.676987648010253906e+00
4.713420867919921875e+00
4.778293609619140625e+00
4.703464984893798828e+00
4.707513809204101562e+00
4.769772052764892578e+00
4.777319431304931641e+00
4.731283664703369141e+00
4.797495841979980469e+00
4.740852355957031250e+00
4.705976486206054688e+00
4.751969337463378906e+00
4.695643424987792969e+00
4.719977378845214844e+00
4.778566837310791016e+00
4.696133613586425781e+00
4.739027976989746094e+00
4.734311580657958984e+00
4.782954216003417969e+00
4.794447422027587891e+00
4.746872901916503906e+00
4.713662624359130859e+00
4.699085235595703125e+00
4.761685848236083984e+00
4.709453105926513672e+00
4.727529048919677734e+00
4.790818691253662109e+00
4.771005153656005859e+00
4.694035053253173828e+00
4.614961147308349609e+00
4.711576938629150391e+00
4.759967803955078125e+00
4.770858287811279297e+00
4.763588905334472656e+00
4.800551414489746094e+00
4.723709583282470703e+00
4.699823856353759766e+00
4.748605728149414062e+00
4.762495994567871094e+00
4.747622966766357422e+00
4.747419357299804688e+00
4.784327983856201172e+00
4.736597537994384766e+00
4.745173931121826172e+00
4.749167442321777344e+00
4.795016288757324219e+00
4.702950000762939453e+00
4.773069381713867188e+00
4.732440471649169922e+00
4.790823459625244141e+00
4.711948871612548828e+00
4.746308326721191406e+00
4.801337718963623047e+00
4.710008621215820312e+00
4.726754665374755859e+00
4.779998779296875000e+00
4.741128444671630859e+00
4.810447692871093750e+00
4.739350795745849609e+00
4.717869281768798828e+00
4.741730690002441406e+00
4.804033279418945312e+00
4.759963512420654297e+00
4.719065666198730469e+00
4.803183078765869141e+00
4.750334739685058594e+00
4.696390151977539062e+00
4.760761260986328125e+00
4.761775016784667969e+00
4.725676059722900391e+00
4.713457584381103516e+00
4.719785213470458984e+00
4.820588588714599609e+00
4.716242790222167969e+00
4.668279170989990234e+00
4.762695312500000000e+00
4.781192302703857422e+00
4.701209545135498047e+00
4.722888946533203125e+00
4.758096694946289062e+00
4.721907138824462891e+00
4.800856590270996094e+00
4.687724113464355469e+00
4.742763996124267578e+00
4.699396610260009766e+00
4.595428943634033203e+00
4.759827613830566406e+00
4.659983634948730469e+00
4.769652366638183594e+00
4.642858028411865234e+00
4.751169681549072266e+00
4.784157752990722656e+00
4.814185619354248047e+00
4.785588264465332031e+00
4.751136302947998047e+00
4.724712848663330078e+00
4.756206512451171875e+00
4.753231525421142578e+00
4.807433128356933594e+00
4.740913867950439453e+00
4.748979568481445312e+00
4.693616867065429688e+00
4.694113254547119141e+00
4.790559291839599609e+00
4.693562030792236328e+00
4.714000701904296875e+00
4.706335544586181641e+00
4.720326900482177734e+00
4.742011070251464844e+00
4.676194667816162109e+00
4.721877574920654297e+00
4.752038955688476562e+00
4.755486011505126953e+00
4.758481025695800781e+00
4.819600105285644531e+00
4.707259178161621094e+00
4.746290683746337891e+00
4.650685787200927734e+00
4.778637886047363281e+00
4.784223556518554688e+00
4.763528347015380859e+00
4.736749649047851562e+00
4.744584560394287109e+00
4.748114585876464844e+00
4.688566207885742188e+00
4.657060146331787109e+00
4.745892524719238281e+00
4.677465438842773438e+00
4.624077796936035156e+00
4.680162906646728516e+00
4.815278530120849609e+00
4.696887969970703125e+00
4.712683677673339844e+00
4.727501869201660156e+00
4.708217620849609375e+00
4.691980361938476562e+00
4.743312835693359375e+00
4.695847034454345703e+00
4.669798851013183594e+00
4.770561218261718750e+00
4.723133087158203125e+00
4.742914676666259766e+00
4.795647144317626953e+00
4.814968109130859375e+00
4.719832897186279297e+00
4.712661743164062500e+00
4.787196636199951172e+00
4.781043529510498047e+00
4.722416877746582031e+00
4.759870529174804688e+00
4.746724128723144531e+00
4.788802146911621094e+00
4.728616237640380859e+00
4.770048618316650391e+00
4.713803768157958984e+00
4.784254074096679688e+00
4.747313499450683594e+00
4.672634601593017578e+00
4.775994300842285156e+00
4.739173412322998047e+00
4.715622901916503906e+00
4.726076602935791016e+00
4.765721797943115234e+00
4.680632591247558594e+00
4.719296932220458984e+00
4.721557140350341797e+00
4.803019523620605469e+00
4.727972984313964844e+00
4.762763023376464844e+00
4.764382362365722656e+00
4.687666893005371094e+00
4.733978271484375000e+00
4.849200725555419922e+00
4.781264305114746094e+00
4.710990428924560547e+00
4.602802753448486328e+00
4.703837871551513672e+00
4.719859600067138672e+00
4.673687934875488281e+00
4.741678237915039062e+00
4.756752014160156250e+00
4.745932579040527344e+00
4.759606838226318359e+00
4.738269329071044922e+00
4.808609008789062500e+00
4.705587863922119141e+00
4.723531723022460938e+00
4.692842960357666016e+00
4.750178337097167969e+00
4.813116550445556641e+00
4.793251037597656250e+00
4.817284584045410156e+00
4.753085613250732422e+00
4.769091606140136719e+00
4.770457744598388672e+00
4.751659870147705078e+00
4.739293098449707031e+00
4.723404407501220703e+00
4.729306221008300781e+00
4.712057113647460938e+00
4.733808994293212891e+00
4.719218254089355469e+00
4.807241916656494141e+00
4.740834712982177734e+00
4.721382617950439453e+00
4.707921504974365234e+00
4.765406608581542969e+00
4.705342292785644531e+00
4.766809940338134766e+00
4.772881031036376953e+00
4.798763751983642578e+00
4.688063144683837891e+00
4.759769916534423828e+00
4.758952617645263672e+00
4.784291744232177734e+00
4.771272659301757812e+00
4.783793926239013672e+00
4.768267631530761719e+00
4.714325904846191406e+00
4.724996566772460938e+00
4.776719570159912109e+00
4.713149070739746094e+00
4.729259967803955078e+00
4.789801597595214844e+00
4.789551734924316406e+00
4.816003799438476562e+00
4.734475135803222656e+00
4.727327346801757812e+00
4.787534236907958984e+00
4.725107669830322266e+00
4.727601528167724609e+00
4.777443885803222656e+00
4.760558605194091797e+00
4.713095664978027344e+00
4.762000560760498047e+00
4.821719646453857422e+00
4.756786346435546875e+00
4.802666664123535156e+00
4.723784446716308594e+00
4.688767433166503906e+00
4.714628696441650391e+00
4.701754570007324219e+00
4.677516460418701172e+00
4.779756069183349609e+00
4.636345386505126953e+00
4.742143630981445312e+00
4.708022594451904297e+00
4.688646316528320312e+00
4.731083869934082031e+00
4.722525119781494141e+00
4.757503509521484375e+00
4.820555210113525391e+00
4.771049022674560547e+00
4.739551067352294922e+00
4.695666790008544922e+00
4.701205730438232422e+00
4.714064598083496094e+00
4.664390087127685547e+00
4.797359943389892578e+00
4.748843669891357422e+00
4.724112510681152344e+00
4.777283191680908203e+00
4.778047561645507812e+00
4.758213520050048828e+00
4.753932952880859375e+00
4.751562595367431641e+00
4.787073135375976562e+00
4.773556232452392578e+00
4.739309310913085938e+00
4.708352088928222656e+00
4.793309688568115234e+00
4.704721927642822266e+00
4.786489963531494141e+00
4.656913757324218750e+00
4.831027507781982422e+00
4.750401973724365234e+00
4.716321945190429688e+00
4.651113986968994141e+00
4.756601810455322266e+00
4.716572761535644531e+00
4.741950988769531250e+00
4.747934341430664062e+00
4.689858436584472656e+00
4.676486015319824219e+00
4.685502052307128906e+00
4.764285564422607422e+00
4.734323024749755859e+00
4.775006294250488281e+00
4.720169544219970703e+00
4.786768436431884766e+00
4.731625080108642578e+00
4.691376686096191406e+00
4.753379821777343750e+00
4.824433326721191406e+00
4.733154773712158203e+00
4.742580413818359375e+00
4.682367801666259766e+00
4.795613288879394531e+00
4.685775279998779297e+00
4.739514350891113281e+00
4.694572925567626953e+00
4.665961742401123047e+00
4.762175083160400391e+00
4.774323940277099609e+00
4.786323547363281250e+00
4.710916996002197266e+00
4.822830677032470703e+00
4.708934307098388672e+00
4.778007984161376953e+00
4.718861579895019531e+00
4.750987052917480469e+00
4.736446857452392578e+00
4.738492965698242188e+00
4.706248283386230469e+00
4.769502639770507812e+00
4.698418140411376953e+00
4.728267669677734375e+00
4.733858108520507812e+00
4.788748264312744141e+00
4.720252990722656250e+00
4.758050441741943359e+00
4.709311962127685547e+00
4.770458698272705078e+00
4.744252204895019531e+00
4.786178112030029297e+00
4.678759574890136719e+00
4.773838043212890625e+00
4.646476268768310547e+00
4.795161724090576172e+00
4.772911071777343750e+00
4.702426910400390625e+00
4.704190254211425781e+00
4.676602840423583984e+00
4.767723083496093750e+00
4.706006526947021484e+00
4.750859260559082031e+00
4.787961959838867188e+00
4.772193908691406250e+00
4.731470108032226562e+00
4.707523345947265625e+00
4.723418235778808594e+00
4.708693981170654297e+00
4.697711467742919922e+00
4.688421249389648438e+00
4.793831348419189453e+00
4.734312534332275391e+00
4.730130195617675781e+00
4.765148162841796875e+00
4.662235260009765625e+00
4.729143142700195312e+00
4.646409034729003906e+00
4.691500663757324219e+00
4.719985008239746094e+00
4.751534461975097656e+00
4.759120464324951172e+00
4.744411945343017578e+00
4.631769657135009766e+00
4.744180202484130859e+00
4.737143516540527344e+00
4.697547912597656250e+00
4.759379863739013672e+00
4.705225467681884766e+00
4.750897884368896484e+00
4.671992301940917969e+00
4.747228622436523438e+00
4.753739833831787109e+00
4.782996177673339844e+00
4.812960147857666016e+00
4.750407218933105469e+00
4.740499496459960938e+00
4.762049674987792969e+00
4.757301807403564453e+00
4.715680599212646484e+00
4.735980987548828125e+00
4.810125350952148438e+00
4.669528961181640625e+00
4.782902717590332031e+00
4.782607078552246094e+00
4.718380451202392578e+00
4.809755802154541016e+00
4.771509170532226562e+00
4.677654743194580078e+00
4.741229534149169922e+00
4.770879268646240234e+00
4.760391235351562500e+00
4.729717731475830078e+00
4.718354225158691406e+00
4.676023483276367188e+00
4.721841812133789062e+00
4.732429981231689453e+00
4.754671573638916016e+00
4.686871051788330078e+00
4.717055320739746094e+00
4.710044860839843750e+00
4.717811107635498047e+00
4.705917358398437500e+00
4.774097442626953125e+00
4.740269660949707031e+00
4.765805721282958984e+00
4.773420333862304688e+00
4.747759819030761719e+00
4.721744537353515625e+00
4.761108875274658203e+00
4.742074966430664062e+00
4.741442680358886719e+00
4.710889816284179688e+00
4.732252597808837891e+00
4.690296649932861328e+00
4.647960662841796875e+00
4.765316963195800781e+00
4.699378967285156250e+00
4.803954601287841797e+00
4.772309780120849609e+00
4.720347404479980469e+00
4.718607425689697266e+00
4.730674266815185547e+00
4.769744873046875000e+00
4.795678615570068359e+00
4.735347747802734375e+00
4.826282978057861328e+00
4.721226692199707031e+00
4.734346866607666016e+00
4.732693195343017578e+00
4.661981105804443359e+00
4.631460666656494141e+00
4.749468803405761719e+00
4.800303459167480469e+00
4.681460857391357422e+00
4.737513542175292969e+00
4.683168888092041016e+00
4.721975803375244141e+00
4.786921501159667969e+00
4.773315906524658203e+00
4.748798370361328125e+00
4.716146945953369141e+00
4.685234069824218750e+00
4.694371223449707031e+00
4.637340545654296875e+00
4.711234092712402344e+00
4.689888954162597656e+00
4.726531982421875000e+00
4.737349987030029297e+00
4.766609191894531250e+00
4.785699844360351562e+00
4.766248703002929688e+00
4.723980903625488281e+00
4.775615215301513672e+00
4.786516189575195312e+00
4.756598949432373047e+00
4.742620468139648438e+00
4.695677757263183594e+00
4.777862071990966797e+00
4.804204463958740234e+00
4.757241725921630859e+00
4.799491882324218750e+00
4.678564548492431641e+00
4.754022121429443359e+00
4.696394443511962891e+00
4.793886184692382812e+00
4.747139453887939453e+00
4.759093761444091797e+00
4.769389629364013672e+00
4.774237155914306641e+00
4.675911903381347656e+00
4.783687114715576172e+00
4.726165771484375000e+00
4.768355846405029297e+00
4.700964450836181641e+00
4.717638969421386719e+00
4.792297363281250000e+00
4.723504543304443359e+00
4.702863216400146484e+00
4.815006256103515625e+00
4.661932945251464844e+00
4.674496173858642578e+00
4.639049053192138672e+00
4.676905632019042969e+00
4.773505687713623047e+00
4.690736770629882812e+00
4.778856277465820312e+00
4.747515678405761719e+00
4.792389392852783203e+00
4.735899925231933594e+00
4.792815685272216797e+00
4.750406742095947266e+00
4.751790046691894531e+00
4.800810813903808594e+00
4.697874546051025391e+00
4.737071037292480469e+00
4.722656250000000000e+00
4.756678581237792969e+00
4.752206325531005859e+00
4.734903335571289062e+00
4.745064735412597656e+00
4.727368831634521484e+00
4.827594757080078125e+00
4.727136611938476562e+00
4.693596363067626953e+00
4.719718933105468750e+00
4.698403835296630859e+00
4.712723731994628906e+00
4.743206501007080078e+00
4.723073482513427734e+00
4.782899856567382812e+00
4.815800189971923828e+00
4.790549278259277344e+00
4.735662460327148438e+00
4.781629562377929688e+00
4.762661933898925781e+00
4.730512142181396484e+00
4.742270469665527344e+00
4.685788154602050781e+00
4.687539577484130859e+00
4.714730262756347656e+00
4.721175193786621094e+00
4.770863056182861328e+00
4.728075027465820312e+00
4.813190460205078125e+00
4.737947463989257812e+00
4.706829547882080078e+00
4.787212848663330078e+00
4.721665859222412109e+00
4.779077529907226562e+00
4.742243289947509766e+00
4.686314582824707031e+00
4.677272319793701172e+00
4.694079399108886719e+00
4.729327201843261719e+00
4.642086029052734375e+00
4.758809089660644531e+00
4.762609958648681641e+00
4.750594615936279297e+00
4.688860893249511719e+00
4.762748241424560547e+00
4.739338874816894531e+00
4.771759033203125000e+00
4.763160705566406250e+00
4.777600765228271484e+00
4.746542453765869141e+00
4.813271045684814453e+00
4.660360336303710938e+00
4.743008613586425781e+00
4.761260032653808594e+00
4.758738517761230469e+00
4.792870998382568359e+00
4.738314628601074219e+00
4.759665966033935547e+00
4.747762203216552734e+00
4.766541004180908203e+00
4.775405406951904297e+00
4.726091384887695312e+00
4.715064048767089844e+00
4.692474365234375000e+00
4.750760078430175781e+00
4.759434223175048828e+00
4.779835224151611328e+00
4.735294818878173828e+00
4.742145538330078125e+00
4.738708019256591797e+00
4.751994132995605469e+00
4.809355258941650391e+00
4.686543941497802734e+00
4.754012584686279297e+00
4.742692947387695312e+00
4.819005966186523438e+00
4.739578247070312500e+00
4.645448684692382812e+00
4.753244876861572266e+00
4.676390647888183594e+00
4.792373180389404297e+00
4.794843673706054688e+00
4.734848499298095703e+00
4.842162609100341797e+00
4.673665046691894531e+00
4.824498653411865234e+00
4.695923805236816406e+00
4.719813346862792969e+00
4.773425579071044922e+00
4.771900177001953125e+00
4.676814556121826172e+00
4.715366840362548828e+00
4.761538982391357422e+00
4.724061965942382812e+00
4.759448051452636719e+00
4.700203895568847656e+00
4.704990863800048828e+00
4.725890636444091797e+00
4.754059791564941406e+00
4.710488796234130859e+00
4.733982086181640625e+00
4.716992378234863281e+00
4.732294082641601562e+00
4.738055706024169922e+00
4.754445075988769531e+00
4.758807659149169922e+00
4.711826324462890625e+00
4.786932468414306641e+00
4.754648208618164062e+00
4.766779422760009766e+00
4.724766731262207031e+00
4.709818363189697266e+00
4.787815093994140625e+00
4.749820709228515625e+00
4.772301673889160156e+00
4.765889167785644531e+00
4.796314239501953125e+00
4.755004405975341797e+00
4.669812679290771484e+00
4.719092369079589844e+00
4.725445747375488281e+00
4.702504158020019531e+00
4.757163524627685547e+00
4.692615032196044922e+00
4.777016639709472656e+00
4.733316421508789062e+00
4.766669750213623047e+00
4.797017097473144531e+00
4.678824424743652344e+00
4.786967277526855469e+00
4.754220008850097656e+00
4.721238136291503906e+00
4.774521350860595703e+00
4.727305889129638672e+00
4.786324024200439453e+00
4.696449756622314453e+00
4.721372127532958984e+00
4.708775997161865234e+00
4.750857353210449219e+00
4.750628471374511719e+00
4.851913928985595703e+00
4.748838424682617188e+00
4.722560405731201172e+00
4.743095397949218750e+00
4.767714023590087891e+00
4.738608837127685547e+00
4.779342174530029297e+00
4.750918388366699219e+00
4.778493881225585938e+00
4.801223278045654297e+00
4.791875839233398438e+00
4.797252655029296875e+00
4.710575580596923828e+00
4.678388595581054688e+00
4.765730381011962891e+00
4.736554622650146484e+00
4.792675495147705078e+00
4.735454082489013672e+00
4.726876258850097656e+00
4.686031818389892578e+00
4.743851661682128906e+00
4.729203701019287109e+00
4.718037605285644531e+00
4.758038043975830078e+00
4.699041366577148438e+00
4.782884120941162109e+00
4.788861274719238281e+00
4.746687889099121094e+00
4.763503551483154297e+00
4.839171886444091797e+00
4.795636653900146484e+00
4.786924362182617188e+00
4.750923633575439453e+00
4.692475795745849609e+00
4.784532070159912109e+00
4.669448375701904297e+00
4.742851257324218750e+00
4.652172565460205078e+00
4.744806289672851562e+00
4.749602317810058594e+00
4.683766841888427734e+00
4.683031082153320312e+00
4.790680885314941406e+00
4.726932525634765625e+00
4.732580661773681641e+00
4.758460998535156250e+00
4.754162311553955078e+00
4.662174701690673828e+00
4.723414897918701172e+00
4.703285694122314453e+00
4.685537338256835938e+00
4.744422912597656250e+00
4.779846191406250000e+00
4.748594760894775391e+00
4.758135318756103516e+00
4.812370300292968750e+00
4.715260982513427734e+00
4.715305328369140625e+00
4.732991695404052734e+00
4.761663913726806641e+00
4.837050914764404297e+00
4.826535224914550781e+00
4.704812049865722656e+00
4.769021987915039062e+00
4.747602939605712891e+00
4.793106555938720703e+00
4.792474746704101562e+00
4.687533378601074219e+00
4.751144409179687500e+00
4.756706237792968750e+00
4.704724311828613281e+00
4.740031719207763672e+00
4.784217357635498047e+00
4.773913860321044922e+00
4.746030330657958984e+00
4.837641716003417969e+00
4.792180538177490234e+00
4.688431262969970703e+00
4.772535324096679688e+00
4.724907875061035156e+00
4.707899570465087891e+00
4.765354633331298828e+00
4.672483921051025391e+00
4.769875526428222656e+00
4.689771652221679688e+00
4.773638248443603516e+00
4.649187564849853516e+00
4.800425529479980469e+00
4.786531925201416016e+00
4.725367069244384766e+00
4.834535598754882812e+00
4.698477268218994141e+00
4.693401336669921875e+00
4.694352626800537109e+00
4.699895381927490234e+00
4.734869956970214844e+00
4.776546001434326172e+00
4.660710334777832031e+00
4.713760852813720703e+00
4.831852436065673828e+00
4.783402442932128906e+00
4.715143680572509766e+00
4.742331981658935547e+00
4.749161720275878906e+00
4.768900394439697266e+00
4.733153820037841797e+00
4.743815898895263672e+00
4.738693237304687500e+00
4.751438617706298828e+00
4.681059360504150391e+00
4.788352012634277344e+00
4.770093917846679688e+00
4.734147548675537109e+00
4.802756786346435547e+00
4.767245292663574219e+00
4.732873439788818359e+00
4.792484283447265625e+00
4.758382797241210938e+00
4.785490989685058594e+00
4.705915451049804688e+00
4.711086750030517578e+00
4.753959178924560547e+00
4.733052730560302734e+00
4.780159950256347656e+00
4.791802406311035156e+00
4.685433387756347656e+00
4.711937427520751953e+00
4.732274532318115234e+00
4.686058044433593750e+00
4.729663848876953125e+00
4.737721443176269531e+00
4.774484157562255859e+00
4.717950820922851562e+00
4.737262248992919922e+00
4.792458534240722656e+00
4.728881359100341797e+00
4.706408977508544922e+00
4.754870891571044922e+00
4.724424362182617188e+00
4.693922996520996094e+00
4.678327083587646484e+00
4.658218383789062500e+00
4.735117435455322266e+00
4.751474857330322266e+00
4.758564949035644531e+00
4.794838428497314453e+00
4.791554927825927734e+00
4.773899078369140625e+00
4.720555305480957031e+00
4.814110755920410156e+00
4.748110294342041016e+00
4.765803813934326172e+00
4.773772716522216797e+00
4.600892543792724609e+00
4.692617416381835938e+00
4.685120105743408203e+00
4.711649417877197266e+00
4.749304771423339844e+00
4.726251602172851562e+00
4.747742176055908203e+00
4.752377986907958984e+00
4.800903320312500000e+00
4.734617710113525391e+00
4.707922935485839844e+00
4.678684234619140625e+00
4.770273208618164062e+00
4.774810314178466797e+00
4.700218677520751953e+00
4.718697547912597656e+00
4.703034400939941406e+00
4.712493419647216797e+00
4.755622863769531250e+00
4.701873302459716797e+00
4.770912647247314453e+00
4.689284324645996094e+00
4.767681598663330078e+00
4.738666057586669922e+00
4.630384445190429688e+00
4.706073284149169922e+00
4.754379749298095703e+00
4.798904895782470703e+00
4.702476024627685547e+00
4.779658317565917969e+00
4.732146739959716797e+00
4.695771217346191406e+00
4.699532508850097656e+00
4.741433143615722656e+00
4.775225162506103516e+00
4.735280036926269531e+00
4.707548141479492188e+00
4.752252101898193359e+00
4.743823528289794922e+00
4.684056758880615234e+00
4.734340667724609375e+00
4.671146392822265625e+00
4.741021633148193359e+00
4.732361793518066406e+00
4.749984741210937500e+00
4.708257198333740234e+00
4.716958045959472656e+00
4.715038776397705078e+00
4.727368354797363281e+00
4.806266784667968750e+00
4.777490615844726562e+00
4.779277801513671875e+00
4.697906970977783203e+00
4.757164001464843750e+00
4.748205184936523438e+00
4.784271240234375000e+00
4.764300823211669922e+00
4.754596710205078125e+00
4.672153949737548828e+00
4.724542617797851562e+00
4.724671363830566406e+00
4.758466243743896484e+00
4.754551410675048828e+00
4.749183177947998047e+00
4.733497619628906250e+00
4.758637905120849609e+00
4.799309253692626953e+00
4.757566452026367188e+00
4.708274364471435547e+00
4.816329002380371094e+00
4.764645099639892578e+00
4.738282680511474609e+00
4.700112819671630859e+00
4.774207115173339844e+00
4.758433341979980469e+00
4.742891788482666016e+00
4.782069683074951172e+00
4.758197784423828125e+00
4.766396999359130859e+00
4.809909343719482422e+00
4.772893905639648438e+00
4.786674022674560547e+00
4.741348266601562500e+00
4.779894828796386719e+00
4.768049716949462891e+00
4.796064376831054688e+00
4.800394058227539062e+00
4.726700782775878906e+00
4.777338981628417969e+00
4.685243606567382812e+00
4.691653728485107422e+00
4.713531017303466797e+00
4.733587741851806641e+00
4.724725723266601562e+00
4.686694145202636719e+00
4.669819831848144531e+00
4.771449565887451172e+00
4.714470863342285156e+00
4.647353172302246094e+00
4.686933517456054688e+00
4.781124114990234375e+00
4.734297752380371094e+00
4.718794345855712891e+00
4.773449897766113281e+00
4.707303524017333984e+00
4.738471984863281250e+00
4.713948249816894531e+00
4.716358184814453125e+00
4.796305179595947266e+00
4.761351585388183594e+00
4.775781154632568359e+00
4.646955966949462891e+00
4.643405437469482422e+00
4.759440422058105469e+00
4.772624492645263672e+00
4.754672050476074219e+00
4.722566127777099609e+00
4.722818851470947266e+00
4.770753860473632812e+00
4.787970542907714844e+00
4.743999958038330078e+00
4.668243408203125000e+00
4.731498718261718750e+00
4.720022201538085938e+00
4.777401447296142578e+00
4.687532424926757812e+00
4.694620132446289062e+00
4.768420696258544922e+00
4.753745555877685547e+00
4.754382610321044922e+00
4.799604415893554688e+00
4.806483268737792969e+00
4.676291465759277344e+00
4.734390735626220703e+00
4.761919498443603516e+00
4.709777832031250000e+00
4.760443210601806641e+00
4.762373447418212891e+00
4.687768936157226562e+00
4.695034503936767578e+00
4.740911006927490234e+00
4.687598228454589844e+00
4.721127986907958984e+00
4.769288539886474609e+00
4.749637603759765625e+00
4.751267910003662109e+00
4.801504611968994141e+00
4.682318210601806641e+00
4.783063888549804688e+00
4.790721893310546875e+00
4.805201530456542969e+00
4.829319953918457031e+00
4.709895610809326172e+00
4.718781471252441406e+00
4.682651519775390625e+00
4.733021736145019531e+00
4.724874496459960938e+00
4.755016326904296875e+00
4.733530044555664062e+00
4.620181083679199219e+00
4.790630340576171875e+00
4.715972423553466797e+00
4.804275989532470703e+00
4.809350013732910156e+00
4.798165321350097656e+00
4.701742649078369141e+00
4.715620040893554688e+00
4.728295803070068359e+00
4.698304653167724609e+00
4.740173816680908203e+00
4.698683738708496094e+00
4.710329532623291016e+00
4.730076789855957031e+00
4.720213890075683594e+00
4.724872112274169922e+00
4.701970577239990234e+00
4.750769138336181641e+00
4.751663208007812500e+00
4.704132080078125000e+00
4.630146503448486328e+00
4.754458427429199219e+00
4.707487583160400391e+00
4.774516582489013672e+00
4.752122402191162109e+00
4.743210315704345703e+00
4.715667724609375000e+00
4.727170944213867188e+00
4.823058128356933594e+00
4.711447715759277344e+00
4.724641799926757812e+00
4.724635124206542969e+00
4.757678985595703125e+00
4.691979408264160156e+00
4.766074657440185547e+00
4.764119625091552734e+00
4.711948394775390625e+00
4.726642608642578125e+00
4.710093975067138672e+00
4.731465816497802734e+00
4.752600193023681641e+00
4.698034286499023438e+00
4.777329444885253906e+00
4.712543964385986328e+00
4.749472618103027344e+00
4.717028141021728516e+00
4.760630607604980469e+00
