5.118341445922851562e+00
5.103326320648193359e+00
5.145787715911865234e+00
5.132215023040771484e+00
5.095005989074707031e+00
5.092161655426025391e+00
5.095536708831787109e+00
5.123866081237792969e+00
5.067110538482666016e+00
5.083775520324707031e+00
5.081079483032226562e+00
5.117333412170410156e+00
5.134879112243652344e+00
5.116262435913085938e+00
5.094207763671875000e+00
5.094599246978759766e+00
5.100050926208496094e+00
5.118036270141601562e+00
5.114437580108642578e+00
5.134076118469238281e+00
5.036558151245117188e+00
5.140458583831787109e+00
5.103560924530029297e+00
5.125666141510009766e+00
5.119653701782226562e+00
5.116125583648681641e+00
5.096612453460693359e+00
5.113976478576660156e+00
5.080497264862060547e+00
5.080824375152587891e+00
5.086533546447753906e+00
5.141262054443359375e+00
5.081599712371826172e+00
5.081408977508544922e+00
5.018414020538330078e+00
5.139778614044189453e+00
5.034746646881103516e+00
5.078311443328857422e+00
5.080125808715820312e+00
5.118765830993652344e+00
5.144451141357421875e+00
5.129869937896728516e+00
5.141259670257568359e+00
5.113168716430664062e+00
5.096087455749511719e+00
5.049421310424804688e+00
5.086781978607177734e+00
5.115568161010742188e+00
5.093500614166259766e+00
5.112467765808105469e+00
5.093317508697509766e+00
5.003133773803710938e+00
5.012668132781982422e+00
5.037120819091796875e+00
5.053071022033691406e+00
5.063446521759033203e+00
5.083436489105224609e+00
5.042583465576171875e+00
5.122791767120361328e+00
5.128770351409912109e+00
5.081161975860595703e+00
5.115959167480468750e+00
5.106372833251953125e+00
5.118046283721923828e+00
5.119482517242431641e+00
5.070917129516601562e+00
5.058170795440673828e+00
5.096282958984375000e+00
5.081947326660156250e+00
5.063328742980957031e+00
5.109207153320312500e+00
5.081931591033935547e+00
5.102151870727539062e+00
5.065492153167724609e+00
5.066702842712402344e+00
5.062638759613037109e+00
5.065738201141357422e+00
5.034800529479980469e+00
5.063507080078125000e+00
5.050170898437500000e+00
5.099623680114746094e+00
5.089109897613525391e+00
5.091338157653808594e+00
5.087990283966064453e+00
5.095574855804443359e+00
5.043137550354003906e+00
5.081375598907470703e+00
5.097636699676513672e+00
5.106091499328613281e+00
5.107254028320312500e+00
5.080636024475097656e+00
5.104182720184326172e+00
5.100934982299804688e+00
5.089656829833984375e+00
5.043065547943115234e+00
5.091282367706298828e+00
5.123727798461914062e+00
5.090590953826904297e+00
5.062772750854492188e+00
5.044984817504882812e+00
5.108372688293457031e+00
5.106606006622314453e+00
5.026197433471679688e+00
5.060742378234863281e+00
5.053399085998535156e+00
5.107000350952148438e+00
5.053229808807373047e+00
5.071010589599609375e+00
5.059279918670654297e+00
5.046566963195800781e+00
5.078830718994140625e+00
5.095374107360839844e+00
5.065042018890380859e+00
5.079924583435058594e+00
5.119738101959228516e+00
5.103271007537841797e+00
5.122749805450439453e+00
5.119324207305908203e+00
5.117832660675048828e+00
5.051270484924316406e+00
5.081656455993652344e+00
5.076095104217529297e+00
5.089725494384765625e+00
5.063477993011474609e+00
5.074649810791015625e+00
5.107938766479492188e+00
5.083680152893066406e+00
5.074522495269775391e+00
5.028113842010498047e+00
5.057303428649902344e+00
5.074372291564941406e+00
5.040568351745605469e+00
4.989758491516113281e+00
5.012389659881591797e+00
5.093696594238281250e+00
5.092986583709716797e+00
5.066901683807373047e+00
5.065023899078369141e+00
5.058563232421875000e+00
5.115105152130126953e+00
5.064043998718261719e+00
5.063889503479003906e+00
5.079215049743652344e+00
5.065500259399414062e+00
5.055827617645263672e+00
5.101622104644775391e+00
5.116105556488037109e+00
5.080102443695068359e+00
5.044733524322509766e+00
5.099256992340087891e+00
5.050407409667968750e+00
5.091980457305908203e+00
5.090358734130859375e+00
5.123095512390136719e+00
5.107158660888671875e+00
5.104351043701171875e+00
5.100139617919921875e+00
5.085551738739013672e+00
5.060050964355468750e+00
5.062394618988037109e+00
5.054725170135498047e+00
5.060353279113769531e+00
5.067243576049804688e+00
5.057469367980957031e+00
5.031148433685302734e+00
5.075090408325195312e+00
5.035544872283935547e+00
5.129482269287109375e+00
5.099532604217529297e+00
5.077683448791503906e+00
5.106764316558837891e+00
5.025775432586669922e+00
5.069007873535156250e+00
5.043517589569091797e+00
5.021705150604248047e+00
5.065910816192626953e+00
5.057545661926269531e+00
5.074089527130126953e+00
5.077786922454833984e+00
5.093416690826416016e+00
5.065154552459716797e+00
5.010959148406982422e+00
5.047364234924316406e+00
5.086515426635742188e+00
5.116762161254882812e+00
5.107377052307128906e+00
5.100020885467529297e+00
5.056952476501464844e+00
5.114502429962158203e+00
5.082773208618164062e+00
5.072350025177001953e+00
5.100316047668457031e+00
5.092935562133789062e+00
5.084402084350585938e+00
5.056931018829345703e+00
5.037838935852050781e+00
5.074753284454345703e+00
5.033728599548339844e+00
5.053536891937255859e+00
5.032774925231933594e+00
5.028898715972900391e+00
5.098183631896972656e+00
5.040697097778320312e+00
5.047742366790771484e+00
5.077647686004638672e+00
5.052100658416748047e+00
5.092940807342529297e+00
5.084966659545898438e+00
5.040951728820800781e+00
5.033207416534423828e+00
5.076656818389892578e+00
5.055050373077392578e+00
5.079320907592773438e+00
5.071614265441894531e+00
5.115170001983642578e+00
5.051766395568847656e+00
5.118748664855957031e+00
5.105344772338867188e+00
5.095853805541992188e+00
5.049312591552734375e+00
5.064471244812011719e+00
5.074877738952636719e+00
5.121542930603027344e+00
5.059048175811767578e+00
5.083837032318115234e+00
5.118924617767333984e+00
5.094396114349365234e+00
5.052044868469238281e+00
5.097254276275634766e+00
5.090208053588867188e+00
5.118336677551269531e+00
5.080538272857666016e+00
5.025241851806640625e+00
5.034600734710693359e+00
5.070440769195556641e+00
5.049038410186767578e+00
5.042481899261474609e+00
5.071359634399414062e+00
5.036315441131591797e+00
5.015643119812011719e+00
5.027516365051269531e+00
5.098062515258789062e+00
5.088128089904785156e+00
5.066922187805175781e+00
5.097563266754150391e+00
5.075235366821289062e+00
5.089723110198974609e+00
5.055351734161376953e+00
5.033196449279785156e+00
5.056688308715820312e+00
5.031021595001220703e+00
5.091868400573730469e+00
5.080772876739501953e+00
5.073337078094482422e+00
5.063265800476074219e+00
5.092082500457763672e+00
5.078551769256591797e+00
5.081774711608886719e+00
5.075087547302246094e+00
5.069550037384033203e+00
5.094441890716552734e+00
5.062410354614257812e+00
5.066880702972412109e+00
5.032399177551269531e+00
5.045123577117919922e+00
5.039895057678222656e+00
5.101750850677490234e+00
5.073306083679199219e+00
5.050574779510498047e+00
5.079052925109863281e+00
5.075636863708496094e+00
5.016514301300048828e+00
5.071197986602783203e+00
5.043177604675292969e+00
5.010895729064941406e+00
5.064720153808593750e+00
5.034247398376464844e+00
5.020378589630126953e+00
4.961019039154052734e+00
5.086579322814941406e+00
5.111431121826171875e+00
5.043980121612548828e+00
5.081602096557617188e+00
5.094616889953613281e+00
5.115292072296142578e+00
5.104819297790527344e+00
5.069429874420166016e+00
5.035207748413085938e+00
5.056073188781738281e+00
5.040782928466796875e+00
5.075217247009277344e+00
5.072503089904785156e+00
5.079687595367431641e+00
5.072355270385742188e+00
5.024906635284423828e+00
5.058054924011230469e+00
5.083243370056152344e+00
5.051939010620117188e+00
5.081728458404541016e+00
5.070979595184326172e+00
5.053460121154785156e+00
5.086010456085205078e+00
5.067742347717285156e+00
5.096513748168945312e+00
5.087137699127197266e+00
5.083328247070312500e+00
5.053521156311035156e+00
5.064552307128906250e+00
5.139404773712158203e+00
5.082600593566894531e+00
5.062315940856933594e+00
5.005234241485595703e+00
5.037145137786865234e+00
5.057300567626953125e+00
5.060311317443847656e+00
5.051840782165527344e+00
5.019745826721191406e+00
5.008427619934082031e+00
5.031132698059082031e+00
5.066687107086181641e+00
5.026809215545654297e+00
5.049110412597656250e+00
5.073017597198486328e+00
5.025467872619628906e+00
5.074141502380371094e+00
5.069401264190673828e+00
5.046580314636230469e+00
5.062581062316894531e+00
5.044923305511474609e+00
5.049078464508056641e+00
5.058690071105957031e+00
5.061872482299804688e+00
5.063084602355957031e+00
5.041289806365966797e+00
5.087071418762207031e+00
5.050601482391357422e+00
5.078327178955078125e+00
5.065555095672607422e+00
5.069984912872314453e+00
5.075150012969970703e+00
5.048823356628417969e+00
5.078703880310058594e+00
5.053547382354736328e+00
5.110818386077880859e+00
5.047816753387451172e+00
5.109622478485107422e+00
5.070943355560302734e+00
5.084782123565673828e+00
5.079535484313964844e+00
5.065685749053955078e+00
5.041769504547119141e+00
5.039349555969238281e+00
5.037430286407470703e+00
5.034198760986328125e+00
5.049386978149414062e+00
5.021984100341796875e+00
5.008615970611572266e+00
5.004144191741943359e+00
5.003540515899658203e+00
5.057922840118408203e+00
5.056104660034179688e+00
5.096079826354980469e+00
5.071125507354736328e+00
5.080976486206054688e+00
5.075909137725830078e+00
5.030761718750000000e+00
5.022579669952392578e+00
5.070792198181152344e+00
5.039803504943847656e+00
5.080153942108154297e+00
5.047830104827880859e+00
5.047417640686035156e+00
5.055106163024902344e+00
5.088212966918945312e+00
5.069508552551269531e+00
5.067616939544677734e+00
5.085297584533691406e+00
5.071442604064941406e+00
5.061289310455322266e+00
5.049812316894531250e+00
5.099419116973876953e+00
5.051179885864257812e+00
5.064534187316894531e+00
5.090149402618408203e+00
5.073809146881103516e+00
5.101715087890625000e+00
5.085195064544677734e+00
5.096148490905761719e+00
5.070342063903808594e+00
5.051028728485107422e+00
5.046753883361816406e+00
4.996438980102539062e+00
5.068251609802246094e+00
5.047443866729736328e+00
5.038070678710937500e+00
5.023600578308105469e+00
5.033661365509033203e+00
5.054822921752929688e+00
4.996253967285156250e+00
5.044332981109619141e+00
5.015917778015136719e+00
5.038301944732666016e+00
5.057643413543701172e+00
5.067204475402832031e+00
5.037168979644775391e+00
5.052633762359619141e+00
5.053894519805908203e+00
5.004208564758300781e+00
5.063829421997070312e+00
4.992500782012939453e+00
5.030683040618896484e+00
5.077104568481445312e+00
5.072134017944335938e+00
5.099009037017822266e+00
5.091619014739990234e+00
5.037018299102783203e+00
5.084340572357177734e+00
5.054545402526855469e+00
5.066914558410644531e+00
5.051153659820556641e+00
5.046695232391357422e+00
5.066323757171630859e+00
5.075699329376220703e+00
5.084587097167968750e+00
5.096579551696777344e+00
5.042018413543701172e+00
5.090797901153564453e+00
5.040766716003417969e+00
5.002423763275146484e+00
5.052914619445800781e+00
5.081305980682373047e+00
5.038290977478027344e+00
5.065923690795898438e+00
5.040616512298583984e+00
4.980882644653320312e+00
5.030197620391845703e+00
5.029698848724365234e+00
4.981221199035644531e+00
5.046892166137695312e+00
5.002615928649902344e+00
5.043182849884033203e+00
4.989535331726074219e+00
5.003663063049316406e+00
5.006281375885009766e+00
5.051784992218017578e+00
5.044720172882080078e+00
5.023873329162597656e+00
5.050649166107177734e+00
5.064701557159423828e+00
5.031037807464599609e+00
5.034133911132812500e+00
5.022136688232421875e+00
5.056514263153076172e+00
5.014765262603759766e+00
5.041667461395263672e+00
5.062119007110595703e+00
5.038908958435058594e+00
5.054277896881103516e+00
5.091254234313964844e+00
5.060939788818359375e+00
5.062573432922363281e+00
5.042931556701660156e+00
5.100404739379882812e+00
5.061591148376464844e+00
5.073998928070068359e+00
5.078024864196777344e+00
5.080981731414794922e+00
5.074761390686035156e+00
5.074522495269775391e+00
5.040807247161865234e+00
5.060403347015380859e+00
5.119690895080566406e+00
5.066349983215332031e+00
5.072484970092773438e+00
5.010710716247558594e+00
5.005914688110351562e+00
5.031459808349609375e+00
5.027154922485351562e+00
5.028304100036621094e+00
5.010575294494628906e+00
5.029867172241210938e+00
5.002593517303466797e+00
5.057880878448486328e+00
5.013266563415527344e+00
4.999205112457275391e+00
5.046054840087890625e+00
5.033266544342041016e+00
5.056118011474609375e+00
5.031486988067626953e+00
5.088302135467529297e+00
5.050303936004638672e+00
5.082518577575683594e+00
5.057086944580078125e+00
5.050869464874267578e+00
5.037365913391113281e+00
5.049572944641113281e+00
5.035404682159423828e+00
5.034943580627441406e+00
5.041134357452392578e+00
5.026899337768554688e+00
5.064667701721191406e+00
5.095402240753173828e+00
5.071367263793945312e+00
5.071939468383789062e+00
5.074839115142822266e+00
5.088956832885742188e+00
5.028928756713867188e+00
5.064292907714843750e+00
5.049668788909912109e+00
5.075411796569824219e+00
5.066023349761962891e+00
5.057709217071533203e+00
5.011337757110595703e+00
5.089416503906250000e+00
5.076765537261962891e+00
5.056363582611083984e+00
5.048948287963867188e+00
5.032629013061523438e+00
5.024691104888916016e+00
5.046007156372070312e+00
4.970095157623291016e+00
4.985921382904052734e+00
5.004528045654296875e+00
5.025584697723388672e+00
5.047292232513427734e+00
5.022951126098632812e+00
5.008325099945068359e+00
5.026548385620117188e+00
5.092968940734863281e+00
5.059190273284912109e+00
5.064311504364013672e+00
5.034746646881103516e+00
5.072965621948242188e+00
5.063281536102294922e+00
5.051238536834716797e+00
5.049618244171142578e+00
5.033936500549316406e+00
5.047944545745849609e+00
5.058157444000244141e+00
5.017124176025390625e+00
5.070394039154052734e+00
5.078464031219482422e+00
5.078117847442626953e+00
5.057556152343750000e+00
5.043367385864257812e+00
5.027556896209716797e+00
5.100715637207031250e+00
5.064290523529052734e+00
5.032496452331542969e+00
5.062465667724609375e+00
5.082945346832275391e+00
5.059564113616943359e+00
5.063467502593994141e+00
5.111688137054443359e+00
5.067301273345947266e+00
5.057538032531738281e+00
5.079287528991699219e+00
5.064046859741210938e+00
5.071432113647460938e+00
5.059145450592041016e+00
5.026033878326416016e+00
5.030124664306640625e+00
5.027537822723388672e+00
5.017527580261230469e+00
4.959449291229248047e+00
4.990748405456542969e+00
5.016387939453125000e+00
5.001495361328125000e+00
5.003323078155517578e+00
5.011158466339111328e+00
4.969870567321777344e+00
5.019291400909423828e+00
5.070615291595458984e+00
5.043704509735107422e+00
5.050072669982910156e+00
5.071538925170898438e+00
5.045481204986572266e+00
5.053899765014648438e+00
5.033517837524414062e+00
5.055597782135009766e+00
5.051323413848876953e+00
5.045088768005371094e+00
5.041241645812988281e+00
5.038228988647460938e+00
5.022410392761230469e+00
5.098905563354492188e+00
5.062882900238037109e+00
5.038427829742431641e+00
5.022828102111816406e+00
5.006750583648681641e+00
5.062551975250244141e+00
5.025296211242675781e+00
5.065840244293212891e+00
5.044298171997070312e+00
5.066875457763671875e+00
5.037360191345214844e+00
5.075644969940185547e+00
5.052718639373779297e+00
5.054550647735595703e+00
5.068293094635009766e+00
5.046199321746826172e+00
5.102547645568847656e+00
5.032325744628906250e+00
5.029319286346435547e+00
5.036024570465087891e+00
5.009095191955566406e+00
5.019726753234863281e+00
4.994646072387695312e+00
5.057384967803955078e+00
4.989498615264892578e+00
5.037949562072753906e+00
5.031116485595703125e+00
5.030354976654052734e+00
5.010840415954589844e+00
4.899216651916503906e+00
5.028556823730468750e+00
5.076884746551513672e+00
5.026186466217041016e+00
5.062163829803466797e+00
5.026828289031982422e+00
5.047617435455322266e+00
5.014076709747314453e+00
5.062179565429687500e+00
5.060524463653564453e+00
5.064458370208740234e+00
5.057514190673828125e+00
5.041141986846923828e+00
5.040418148040771484e+00
5.041782855987548828e+00
5.085472106933593750e+00
5.071533679962158203e+00
5.078458786010742188e+00
5.064033985137939453e+00
5.071866512298583984e+00
5.031007766723632812e+00
5.025723457336425781e+00
5.047097682952880859e+00
5.084307193756103516e+00
5.061501979827880859e+00
5.074525356292724609e+00
5.101152420043945312e+00
5.073339462280273438e+00
5.095805644989013672e+00
5.044915199279785156e+00
5.058563232421875000e+00
5.048189640045166016e+00
5.107614994049072266e+00
5.088399410247802734e+00
5.053452491760253906e+00
5.057348251342773438e+00
4.995126247406005859e+00
5.025293350219726562e+00
5.018296241760253906e+00
4.974537849426269531e+00
5.008009433746337891e+00
5.011216163635253906e+00
4.977485179901123047e+00
4.973170280456542969e+00
5.008059501647949219e+00
4.996321201324462891e+00
5.029717922210693359e+00
5.022552013397216797e+00
5.048171043395996094e+00
5.063124179840087891e+00
5.053679943084716797e+00
5.038395881652832031e+00
5.044867038726806641e+00
5.042722702026367188e+00
5.009067535400390625e+00
5.005486965179443359e+00
5.036708831787109375e+00
5.048921585083007812e+00
5.061444282531738281e+00
5.065855979919433594e+00
5.029351711273193359e+00
5.076224803924560547e+00
5.063591003417968750e+00
5.065513134002685547e+00
5.065233230590820312e+00
5.064583778381347656e+00
5.045246601104736328e+00
5.059787750244140625e+00
5.068078994750976562e+00
5.080355167388916016e+00
5.074499130249023438e+00
5.058650493621826172e+00
5.082801342010498047e+00
5.081550598144531250e+00
5.051174640655517578e+00
5.039314746856689453e+00
5.052137851715087891e+00
5.064657211303710938e+00
5.051403045654296875e+00
5.043854236602783203e+00
5.039365768432617188e+00
5.028334140777587891e+00
5.029498100280761719e+00
5.028600215911865234e+00
5.044423580169677734e+00
5.045067310333251953e+00
4.961968421936035156e+00
4.981229782104492188e+00
5.006597995758056641e+00
4.970480918884277344e+00
4.969179630279541016e+00
4.982222557067871094e+00
5.025497436523437500e+00
4.991557598114013672e+00
5.031952857971191406e+00
5.020925998687744141e+00
5.036396503448486328e+00
4.997296810150146484e+00
4.990748405456542969e+00
5.015392780303955078e+00
5.018079280853271484e+00
5.057809352874755859e+00
5.057060718536376953e+00
5.043383598327636719e+00
5.018880367279052734e+00
5.017478466033935547e+00
5.053836345672607422e+00
5.055050373077392578e+00
5.038661956787109375e+00
5.074729919433593750e+00
5.028600215911865234e+00
5.072550296783447266e+00
5.051745414733886719e+00
5.059058666229248047e+00
5.051026344299316406e+00
5.027171134948730469e+00
5.037241935729980469e+00
5.031478881835937500e+00
5.061225891113281250e+00
5.086169719696044922e+00
5.058099746704101562e+00
5.042430877685546875e+00
4.997181892395019531e+00
5.094525337219238281e+00
5.056812286376953125e+00
5.062856674194335938e+00
4.998746395111083984e+00
5.051994800567626953e+00
5.061501979827880859e+00
5.088972091674804688e+00
5.001453399658203125e+00
4.972791671752929688e+00
4.997999668121337891e+00
5.040922641754150391e+00
5.007402420043945312e+00
5.025296211242675781e+00
4.977374076843261719e+00
4.990666866302490234e+00
5.005062103271484375e+00
5.000588417053222656e+00
5.038914680480957031e+00
5.000398159027099609e+00
5.029443740844726562e+00
5.031473636627197266e+00
5.087777614593505859e+00
5.042519092559814453e+00
5.043365001678466797e+00
5.014740467071533203e+00
5.058955669403076172e+00
5.076690673828125000e+00
5.068512439727783203e+00
5.025067329406738281e+00
5.071975708007812500e+00
5.024053573608398438e+00
5.115306854248046875e+00
5.002437591552734375e+00
5.027046203613281250e+00
5.055930614471435547e+00
5.065549850463867188e+00
5.058350086212158203e+00
5.039642333984375000e+00
5.091667175292968750e+00
5.044893741607666016e+00
5.053118705749511719e+00
5.095236778259277344e+00
5.055985927581787109e+00
5.068274974822998047e+00
5.055954456329345703e+00
5.066041469573974609e+00
5.021664142608642578e+00
5.061843395233154297e+00
5.043375492095947266e+00
5.046159267425537109e+00
5.025385856628417969e+00
5.035194396972656250e+00
4.987554550170898438e+00
4.993603706359863281e+00
4.991191387176513672e+00
5.103835105895996094e+00
5.033055782318115234e+00
5.027089595794677734e+00
4.988885879516601562e+00
5.009889602661132812e+00
4.930779457092285156e+00
4.962269783020019531e+00
4.989888191223144531e+00
5.013715744018554688e+00
5.008768558502197266e+00
5.044992923736572266e+00
5.057384967803955078e+00
5.001475811004638672e+00
5.060584545135498047e+00
5.030701637268066406e+00
5.062662601470947266e+00
5.031801223754882812e+00
5.030715465545654297e+00
5.032217979431152344e+00
5.102318286895751953e+00
5.090550422668457031e+00
5.076845645904541016e+00
5.080100059509277344e+00
5.085825920104980469e+00
5.138875007629394531e+00
5.062271595001220703e+00
5.000616073608398438e+00
5.070659637451171875e+00
5.013773918151855469e+00
5.072926521301269531e+00
5.064013004302978516e+00
5.017827033996582031e+00
5.040342807769775391e+00
5.086366653442382812e+00
5.065267086029052734e+00
5.068068981170654297e+00
5.051193714141845703e+00
5.063684940338134766e+00
5.059792995452880859e+00
5.050713062286376953e+00
5.100990772247314453e+00
5.010669231414794922e+00
4.981320858001708984e+00
5.013974666595458984e+00
5.052543640136718750e+00
5.030685424804687500e+00
4.989702224731445312e+00
4.942455291748046875e+00
5.004834175109863281e+00
5.005609512329101562e+00
5.036493301391601562e+00
5.021273136138916016e+00
4.990562438964843750e+00
4.959001064300537109e+00
5.038481712341308594e+00
5.039161682128906250e+00
5.024966716766357422e+00
5.008098125457763672e+00
5.055312156677246094e+00
5.031530380249023438e+00
5.005009174346923828e+00
5.058513164520263672e+00
5.028667926788330078e+00
5.046335220336914062e+00
5.020022392272949219e+00
5.050455570220947266e+00
4.979905128479003906e+00
5.054198741912841797e+00
5.068707942962646484e+00
5.064675331115722656e+00
5.059848308563232422e+00
5.128325462341308594e+00
5.047579765319824219e+00
5.109191894531250000e+00
5.020427703857421875e+00
5.063132286071777344e+00
5.045937538146972656e+00
5.050994396209716797e+00
5.044519901275634766e+00
5.045353412628173828e+00
5.084810256958007812e+00
5.056287288665771484e+00
5.075906276702880859e+00
5.040667533874511719e+00
5.054605960845947266e+00
5.090578079223632812e+00
5.093045234680175781e+00
5.063082218170166016e+00
5.039097309112548828e+00
5.030157089233398438e+00
5.083780765533447266e+00
5.018167018890380859e+00
5.043458461761474609e+00
5.058331489562988281e+00
5.015791416168212891e+00
5.002682685852050781e+00
4.976006984710693359e+00
5.003075599670410156e+00
5.052639007568359375e+00
5.006653308868408203e+00
4.971415519714355469e+00
4.999504566192626953e+00
4.973342418670654297e+00
5.025669097900390625e+00
4.973571777343750000e+00
5.051315784454345703e+00
4.962322235107421875e+00
5.048650264739990234e+00
5.043153762817382812e+00
5.071877002716064453e+00
5.010412216186523438e+00
5.064313888549804688e+00
5.003531932830810547e+00
5.040919780731201172e+00
4.994488716125488281e+00
5.070096969604492188e+00
5.061155319213867188e+00
5.073310852050781250e+00
5.082714080810546875e+00
5.044279575347900391e+00
5.092831611633300781e+00
5.098824501037597656e+00
5.039994239807128906e+00
5.085272312164306641e+00
5.082417964935302734e+00
5.074465751647949219e+00
5.066859722137451172e+00
5.086156845092773438e+00
5.069331169128417969e+00
5.058560848236083984e+00
5.079437255859375000e+00
5.066807270050048828e+00
5.055037021636962891e+00
5.050715446472167969e+00
5.031603813171386719e+00
5.083513259887695312e+00
5.059734821319580078e+00
5.046673774719238281e+00
5.008624553680419922e+00
5.026436805725097656e+00
4.978347778320312500e+00
5.017832279205322266e+00
5.034595489501953125e+00
5.046439170837402344e+00
5.049076080322265625e+00
5.022981166839599609e+00
5.001531600952148438e+00
4.918477535247802734e+00
5.015802383422851562e+00
4.997335910797119141e+00
4.916359424591064453e+00
5.017154216766357422e+00
4.986864089965820312e+00
4.991807937622070312e+00
5.090042114257812500e+00
5.034719467163085938e+00
5.046012401580810547e+00
5.007771015167236328e+00
5.027315139770507812e+00
4.995948314666748047e+00
5.037521839141845703e+00
5.013806819915771484e+00
5.038729190826416016e+00
5.025323390960693359e+00
5.099039554595947266e+00
5.050141811370849609e+00
5.041852474212646484e+00
5.029308319091796875e+00
5.047627925872802734e+00
5.091417312622070312e+00
5.095853805541992188e+00
5.001068115234375000e+00
5.043517589569091797e+00
5.026853084564208984e+00
5.063362598419189453e+00
5.104104518890380859e+00
5.050173759460449219e+00
5.057875633239746094e+00
5.056622505187988281e+00
5.068413257598876953e+00
5.072084903717041016e+00
5.022970199584960938e+00
5.067311763763427734e+00
5.060600757598876953e+00
5.044597625732421875e+00
5.033474922180175781e+00
5.011481285095214844e+00
5.051713466644287109e+00
5.052620410919189453e+00
5.033421039581298828e+00
5.017066478729248047e+00
5.021822929382324219e+00
5.059590339660644531e+00
5.001453399658203125e+00
5.001972198486328125e+00
5.026219367980957031e+00
4.955402851104736328e+00
5.035561084747314453e+00
4.998548030853271484e+00
4.982893466949462891e+00
4.949235439300537109e+00
5.032996654510498047e+00
5.017116069793701172e+00
4.997570991516113281e+00
5.026104927062988281e+00
5.021429061889648438e+00
4.989783763885498047e+00
5.025222778320312500e+00
5.041085720062255859e+00
5.049995899200439453e+00
5.062405109405517578e+00
5.022866249084472656e+00
5.045484066009521484e+00
5.002401351928710938e+00
5.042240619659423828e+00
5.085520744323730469e+00
5.068595886230468750e+00
5.088757514953613281e+00
5.119031429290771484e+00
5.085585117340087891e+00
5.024064064025878906e+00
5.073152542114257812e+00
5.070786952972412109e+00
5.043319702148437500e+00
5.077810287475585938e+00
5.047593116760253906e+00
5.084389209747314453e+00
5.100659847259521484e+00
5.079677104949951172e+00
5.061113357543945312e+00
5.040364265441894531e+00
5.037976264953613281e+00
5.079898834228515625e+00
5.045649528503417969e+00
5.038256168365478516e+00
5.059335231781005859e+00
5.042816638946533203e+00
5.002181053161621094e+00
5.031673908233642578e+00
4.925333976745605469e+00
5.022923469543457031e+00
5.004035949707031250e+00
5.037150382995605469e+00
5.005509376525878906e+00
4.971570491790771484e+00
4.981335163116455078e+00
5.045977592468261719e+00
5.011741161346435547e+00
4.969683170318603516e+00
4.954973697662353516e+00
4.988939762115478516e+00
5.026028633117675781e+00
5.030037879943847656e+00
5.026983261108398438e+00
4.982751369476318359e+00
5.044936656951904297e+00
5.018496513366699219e+00
5.034144401550292969e+00
5.042602062225341797e+00
5.016701221466064453e+00
5.027614116668701172e+00
5.032242298126220703e+00
4.996811866760253906e+00
5.052604675292968750e+00
5.035828113555908203e+00
5.059824466705322266e+00
5.083590507507324219e+00
5.077546596527099609e+00
5.042693138122558594e+00
5.061060428619384766e+00
5.067954063415527344e+00
5.007862567901611328e+00
5.008183956146240234e+00
5.068499088287353516e+00
5.060285091400146484e+00
5.039548397064208984e+00
5.047931671142578125e+00
5.089590549468994141e+00
5.086207866668701172e+00
5.008441925048828125e+00
4.999174594879150391e+00
5.064476490020751953e+00
5.037403106689453125e+00
5.029951095581054688e+00
5.066681861877441406e+00
5.044113636016845703e+00
5.033040046691894531e+00
5.052551269531250000e+00
5.071073532104492188e+00
5.062103271484375000e+00
4.957839012145996094e+00
5.036875724792480469e+00
4.993193149566650391e+00
4.965233325958251953e+00
5.013134479522705078e+00
5.008663177490234375e+00
5.031947135925292969e+00
4.965537071228027344e+00
4.955359458923339844e+00
4.976264476776123047e+00
4.941715717315673828e+00
5.002886295318603516e+00
5.019285678863525391e+00
5.013399124145507812e+00
5.010569572448730469e+00
5.001389026641845703e+00
5.026066780090332031e+00
5.026358127593994141e+00
5.046332359313964844e+00
5.016214847564697266e+00
5.023231983184814453e+00
5.036008358001708984e+00
5.002061367034912109e+00
5.024388790130615234e+00
5.013260841369628906e+00
5.053296089172363281e+00
5.027980804443359375e+00
4.989860057830810547e+00
5.030953884124755859e+00
5.081782341003417969e+00
5.092740058898925781e+00
5.074929714202880859e+00
5.044036388397216797e+00
5.010086059570312500e+00
5.044028282165527344e+00
5.071645259857177734e+00
5.060098171234130859e+00
5.085272312164306641e+00
5.037230968475341797e+00
5.043862342834472656e+00
5.019962310791015625e+00
5.069602012634277344e+00
5.030931949615478516e+00
5.080520153045654297e+00
5.048995971679687500e+00
5.063050746917724609e+00
5.022380352020263672e+00
5.033350467681884766e+00
4.997660636901855469e+00
4.968657970428466797e+00
4.996946334838867188e+00
5.040114879608154297e+00
5.018191814422607422e+00
5.005725860595703125e+00
5.030867099761962891e+00
5.050508499145507812e+00
4.975480556488037109e+00
4.993535995483398438e+00
4.995771884918212891e+00
4.989992618560791016e+00
5.001224517822265625e+00
4.995190620422363281e+00
5.010420322418212891e+00
5.033180236816406250e+00
4.992081165313720703e+00
5.037446498870849609e+00
5.000412464141845703e+00
5.025080680847167969e+00
5.035722732543945312e+00
5.018202781677246094e+00
5.024113178253173828e+00
5.052681446075439453e+00
5.023777961730957031e+00
5.041592597961425781e+00
5.074489116668701172e+00
4.996831417083740234e+00
5.035674095153808594e+00
5.036530971527099609e+00
5.046516418457031250e+00
5.077075958251953125e+00
5.057403564453125000e+00
5.058384418487548828e+00
5.032520771026611328e+00
5.055703163146972656e+00
5.060921192169189453e+00
5.004675388336181641e+00
5.069878101348876953e+00
5.083762645721435547e+00
5.061735630035400391e+00
5.029406070709228516e+00
5.025756359100341797e+00
5.064112663269042969e+00
5.026240825653076172e+00
5.057904243469238281e+00
5.018416881561279297e+00
5.058763504028320312e+00
4.991960525512695312e+00
4.979933738708496094e+00
4.995210647583007812e+00
5.046676635742187500e+00
5.035623073577880859e+00
5.002785682678222656e+00
5.016484260559082031e+00
5.023927688598632812e+00
5.020033359527587891e+00
5.011846065521240234e+00
5.008865356445312500e+00
4.958954334259033203e+00
4.950665473937988281e+00
5.004342079162597656e+00
5.065471172332763672e+00
4.994207859039306641e+00
5.051806449890136719e+00
5.002652168273925781e+00
5.046039104461669922e+00
4.994530677795410156e+00
5.020501613616943359e+00
5.023210525512695312e+00
5.033755779266357422e+00
5.041166305541992188e+00
5.024930953979492188e+00
5.049809455871582031e+00
5.041455745697021484e+00
5.059927463531494141e+00
5.093185424804687500e+00
5.023245811462402344e+00
5.003448486328125000e+00
5.010110855102539062e+00
5.083076477050781250e+00
5.066668987274169922e+00
5.061686038970947266e+00
5.077189922332763672e+00
5.016753196716308594e+00
5.084132671356201172e+00
5.072752475738525391e+00
5.090409755706787109e+00
5.082119464874267578e+00
5.076786518096923828e+00
5.084936141967773438e+00
5.049644947052001953e+00
5.057400703430175781e+00
5.041539192199707031e+00
5.004275321960449219e+00
5.012372970581054688e+00
4.966453075408935547e+00
5.044904708862304688e+00
5.032109737396240234e+00
5.014528274536132812e+00
4.988693714141845703e+00
5.042591571807861328e+00
5.044108390808105469e+00
4.976078510284423828e+00
5.036867618560791016e+00
5.043519973754882812e+00
4.999384403228759766e+00
5.022172451019287109e+00
4.980555057525634766e+00
4.958075046539306641e+00
5.028301239013671875e+00
5.004364013671875000e+00
5.026752471923828125e+00
5.047513484954833984e+00
5.016604900360107422e+00
4.978130817413330078e+00
5.013453960418701172e+00
4.989896774291992188e+00
5.037230968475341797e+00
5.037338733673095703e+00
5.053457736968994141e+00
5.058202266693115234e+00
5.073427677154541016e+00
5.070000648498535156e+00
5.022265434265136719e+00
5.047745227813720703e+00
5.018589496612548828e+00
5.018205642700195312e+00
5.027453899383544922e+00
5.049559593200683594e+00
5.045764446258544922e+00
5.043814182281494141e+00
5.052180290222167969e+00
5.040399551391601562e+00
5.023873329162597656e+00
5.099183559417724609e+00
5.095274925231933594e+00
5.101811408996582031e+00
5.075753688812255859e+00
5.079119682312011719e+00
5.075349330902099609e+00
5.065819263458251953e+00
5.062788486480712891e+00
5.068825244903564453e+00
5.040804386138916016e+00
5.027657508850097656e+00
5.036668300628662109e+00
5.004886627197265625e+00
5.011061668395996094e+00
5.006747722625732422e+00
5.006120204925537109e+00
5.006209373474121094e+00
4.987483978271484375e+00
5.019211769104003906e+00
5.017324447631835938e+00
5.006980895996093750e+00
5.029861450195312500e+00
5.057308197021484375e+00
4.965843200683593750e+00
4.926858901977539062e+00
4.999915122985839844e+00
4.948006153106689453e+00
5.008106231689453125e+00
4.998377323150634766e+00
5.031219005584716797e+00
5.026524066925048828e+00
5.002412319183349609e+00
5.026276111602783203e+00
5.030607223510742188e+00
5.084858894348144531e+00
5.050665378570556641e+00
5.021483898162841797e+00
5.095206737518310547e+00
5.005195617675781250e+00
5.059268951416015625e+00
5.059408664703369141e+00
5.071354389190673828e+00
5.049448013305664062e+00
5.040865898132324219e+00
5.023957729339599609e+00
5.043276786804199219e+00
5.043479919433593750e+00
5.072482585906982422e+00
5.055470943450927734e+00
5.034482002258300781e+00
5.054368019104003906e+00
5.087391376495361328e+00
5.087946891784667969e+00
5.096876144409179688e+00
5.016896247863769531e+00
5.056054592132568359e+00
5.088159084320068359e+00
5.054354667663574219e+00
5.061249732971191406e+00
5.002729892730712891e+00
5.013600349426269531e+00
5.009258747100830078e+00
5.021002292633056641e+00
5.002913951873779297e+00
5.033112525939941406e+00
5.026093959808349609e+00
5.002262115478515625e+00
5.021776199340820312e+00
5.004906177520751953e+00
5.041080474853515625e+00
5.080228805541992188e+00
5.005117893218994141e+00
5.095490932464599609e+00
4.938295364379882812e+00
5.003515243530273438e+00
4.970270633697509766e+00
5.006053924560546875e+00
5.027812480926513672e+00
4.928351402282714844e+00
5.025135517120361328e+00
5.002460002899169922e+00
5.043386459350585938e+00
5.002262115478515625e+00
5.052641868591308594e+00
5.026281833648681641e+00
5.031609058380126953e+00
5.002732753753662109e+00
5.072058677673339844e+00
5.046929836273193359e+00
5.054235935211181641e+00
5.023513317108154297e+00
5.077779293060302734e+00
4.986691474914550781e+00
5.075131893157958984e+00
5.001531600952148438e+00
5.028635501861572266e+00
5.014183998107910156e+00
5.033037185668945312e+00
5.080638885498046875e+00
5.077125072479248047e+00
5.045889854431152344e+00
5.054391860961914062e+00
5.038707733154296875e+00
5.050811290740966797e+00
5.077461242675781250e+00
5.026542663574218750e+00
5.061909198760986328e+00
5.044033527374267578e+00
5.061635971069335938e+00
5.066596031188964844e+00
5.033401966094970703e+00
5.013848304748535156e+00
4.967143535614013672e+00
5.035873889923095703e+00
5.018304347991943359e+00
5.052556991577148438e+00
5.003849506378173828e+00
5.068512439727783203e+00
5.063244819641113281e+00
5.043832778930664062e+00
4.984588623046875000e+00
5.110731124877929688e+00
5.016852378845214844e+00
4.967607975006103516e+00
4.961001396179199219e+00
5.019663810729980469e+00
4.966051578521728516e+00
5.020260810852050781e+00
4.978264808654785156e+00
5.024298667907714844e+00
5.016676425933837891e+00
4.987984657287597656e+00
5.016634941101074219e+00
5.059082031250000000e+00
5.003420829772949219e+00
5.030525684356689453e+00
5.008084297180175781e+00
5.031414031982421875e+00
5.005598545074462891e+00
5.029224395751953125e+00
5.049594402313232422e+00
5.055903911590576172e+00
5.002094745635986328e+00
5.037481307983398438e+00
5.027005195617675781e+00
5.024301528930664062e+00
5.070672512054443359e+00
5.061420440673828125e+00
5.048778057098388672e+00
5.034951686859130859e+00
5.066517353057861328e+00
5.066002368927001953e+00
5.020178794860839844e+00
5.078523159027099609e+00
5.062972068786621094e+00
5.053838729858398438e+00
5.066872596740722656e+00
5.025290489196777344e+00
5.040329456329345703e+00
5.044811248779296875e+00
5.060122013092041016e+00
5.060037612915039062e+00
5.011903762817382812e+00
4.960751533508300781e+00
5.015359401702880859e+00
4.999962806701660156e+00
4.979657173156738281e+00
4.980204582214355469e+00
5.015359401702880859e+00
5.084764003753662109e+00
5.120971679687500000e+00
5.028323173522949219e+00
4.933852195739746094e+00
4.960175991058349609e+00
4.944964408874511719e+00
4.998908996582031250e+00
4.993693351745605469e+00
4.971682548522949219e+00
5.024137973785400391e+00
5.002841472625732422e+00
4.986451148986816406e+00
5.025086402893066406e+00
5.012281894683837891e+00
5.003356933593750000e+00
5.022139549255371094e+00
5.026227474212646484e+00
5.041442394256591797e+00
5.038777351379394531e+00
5.016404151916503906e+00
5.067935466766357422e+00
5.037572860717773438e+00
5.015766620635986328e+00
5.038686275482177734e+00
5.086694717407226562e+00
5.055084705352783203e+00
4.998883724212646484e+00
5.034994602203369141e+00
5.049479961395263672e+00
5.020813465118408203e+00
5.012328624725341797e+00
5.063892364501953125e+00
5.090785026550292969e+00
5.060603141784667969e+00
5.024407863616943359e+00
5.065811157226562500e+00
5.062413215637207031e+00
5.026104927062988281e+00
5.033382892608642578e+00
5.029403209686279297e+00
5.048016548156738281e+00
5.022888183593750000e+00
4.977722644805908203e+00
5.013740539550781250e+00
5.045564174652099609e+00
5.045257091522216797e+00
5.070136070251464844e+00
5.017843246459960938e+00
5.042476654052734375e+00
5.018737792968750000e+00
5.065421581268310547e+00
5.086740970611572266e+00
4.956354618072509766e+00
4.925360679626464844e+00
5.005687236785888672e+00
4.970308303833007812e+00
4.982487201690673828e+00
5.030883312225341797e+00
5.026575565338134766e+00
4.999867439270019531e+00
5.007793426513671875e+00
5.037640094757080078e+00
5.022811412811279297e+00
5.026768684387207031e+00
5.039212703704833984e+00
5.027695655822753906e+00
5.078024864196777344e+00
5.073248863220214844e+00
5.040750980377197266e+00
5.046468734741210938e+00
5.019247531890869141e+00
5.051970958709716797e+00
5.051474571228027344e+00
5.046998977661132812e+00
5.051432132720947266e+00
5.064183235168457031e+00
5.049105167388916016e+00
5.060292720794677734e+00
5.045048713684082031e+00
5.047055244445800781e+00
5.034095764160156250e+00
5.057848930358886719e+00
5.017272472381591797e+00
5.043009281158447266e+00
5.074870109558105469e+00
5.041932582855224609e+00
5.065536499023437500e+00
5.083921909332275391e+00
5.053041458129882812e+00
5.028717041015625000e+00
5.022713184356689453e+00
4.995280742645263672e+00
4.985802173614501953e+00
5.018353462219238281e+00
5.011812686920166016e+00
5.025810718536376953e+00
5.009565830230712891e+00
5.046658039093017578e+00
5.040139198303222656e+00
5.039846420288085938e+00
5.133205890655517578e+00
5.030311584472656250e+00
5.004600524902343750e+00
4.957454204559326172e+00
4.999644279479980469e+00
4.991227626800537109e+00
4.951258182525634766e+00
5.008153438568115234e+00
5.035439491271972656e+00
4.981727600097656250e+00
5.074916839599609375e+00
5.018762111663818359e+00
5.000593662261962891e+00
5.007332801818847656e+00
5.057092189788818359e+00
5.028002738952636719e+00
5.050431251525878906e+00
5.072251319885253906e+00
5.040662288665771484e+00
5.043886184692382812e+00
5.015656471252441406e+00
5.038565158843994141e+00
5.052805900573730469e+00
5.035142898559570312e+00
5.011972904205322266e+00
5.023518562316894531e+00
5.016049861907958984e+00
5.051153659820556641e+00
5.065738201141357422e+00
5.024102687835693359e+00
5.012005805969238281e+00
4.991442203521728516e+00
5.029975414276123047e+00
5.070182800292968750e+00
5.045131683349609375e+00
5.034892082214355469e+00
5.070542335510253906e+00
5.034071922302246094e+00
5.032934188842773438e+00
5.060413837432861328e+00
5.037518978118896484e+00
4.987704753875732422e+00
5.028075695037841797e+00
5.010403633117675781e+00
5.026684284210205078e+00
5.048982620239257812e+00
5.066755294799804688e+00
5.040600299835205078e+00
5.017838001251220703e+00
5.016981124877929688e+00
5.045910835266113281e+00
4.980258941650390625e+00
4.964651584625244141e+00
4.982575416564941406e+00
4.997168064117431641e+00
4.996719360351562500e+00
4.978036880493164062e+00
4.993001937866210938e+00
4.998153686523437500e+00
4.975013732910156250e+00
5.011034011840820312e+00
5.078985214233398438e+00
4.986609458923339844e+00
5.016541957855224609e+00
5.022238254547119141e+00
5.062271595001220703e+00
5.058550357818603516e+00
5.016613006591796875e+00
5.047228336334228516e+00
5.036883831024169922e+00
5.032937049865722656e+00
5.073261737823486328e+00
5.087493896484375000e+00
5.035795211791992188e+00
5.030504226684570312e+00
5.065136432647705078e+00
5.056674957275390625e+00
5.071850776672363281e+00
5.077399253845214844e+00
5.029639244079589844e+00
5.052885532379150391e+00
5.031830787658691406e+00
5.061746120452880859e+00
5.055637359619140625e+00
5.011202335357666016e+00
5.025952339172363281e+00
5.072708606719970703e+00
5.002496242523193359e+00
5.072843551635742188e+00
5.055127143859863281e+00
5.062134742736816406e+00
4.992188453674316406e+00
5.032152652740478516e+00
5.069878101348876953e+00
5.005900859832763672e+00
5.040670394897460938e+00
5.092510700225830078e+00
5.008682727813720703e+00
5.011133193969726562e+00
5.011345863342285156e+00
5.018767833709716797e+00
4.945241928100585938e+00
4.985141754150390625e+00
5.006442546844482422e+00
5.006270408630371094e+00
4.963125228881835938e+00
4.997150897979736328e+00
4.985025405883789062e+00
5.028151988983154297e+00
4.990150928497314453e+00
4.988897323608398438e+00
5.007468700408935547e+00
5.014872550964355469e+00
5.016827583312988281e+00
5.033128738403320312e+00
5.012110710144042969e+00
4.993960380554199219e+00
4.999093532562255859e+00
5.031197547912597656e+00
5.060734748840332031e+00
5.064846038818359375e+00
5.052315711975097656e+00
5.048871040344238281e+00
5.055140495300292969e+00
5.071031570434570312e+00
5.033412456512451172e+00
5.050242900848388672e+00
5.090644836425781250e+00
5.016726016998291016e+00
5.018789768218994141e+00
5.052522182464599609e+00
5.055536746978759766e+00
5.042936801910400391e+00
5.015997409820556641e+00
5.060992240905761719e+00
5.068572521209716797e+00
5.019896507263183594e+00
5.018762111663818359e+00
5.031468391418457031e+00
5.078668117523193359e+00
4.985606670379638672e+00
5.029015541076660156e+00
5.009056568145751953e+00
5.042610168457031250e+00
5.046249866485595703e+00
5.053462982177734375e+00
5.054944515228271484e+00
5.019436359405517578e+00
5.028233528137207031e+00
4.995839118957519531e+00
4.930312156677246094e+00
4.953979492187500000e+00
4.966871738433837891e+00
4.919900894165039062e+00
5.005698204040527344e+00
4.965453147888183594e+00
5.023674011230468750e+00
5.073843002319335938e+00
5.038115978240966797e+00
5.021740913391113281e+00
4.990460872650146484e+00
5.027796268463134766e+00
5.067418575286865234e+00
5.045820236206054688e+00
5.074670314788818359e+00
5.037900924682617188e+00
5.049030780792236328e+00
5.038791179656982422e+00
5.077536582946777344e+00
5.088747024536132812e+00
5.026132106781005859e+00
5.041935443878173828e+00
5.023810386657714844e+00
5.058294773101806641e+00
5.052615165710449219e+00
5.061244487762451172e+00
5.051779747009277344e+00
5.054352283477783203e+00
5.020906448364257812e+00
5.026461124420166016e+00
5.013528347015380859e+00
5.040597915649414062e+00
5.045553684234619141e+00
5.001718521118164062e+00
5.039814472198486328e+00
5.079674720764160156e+00
5.054775714874267578e+00
5.044169902801513672e+00
4.989690780639648438e+00
5.032472133636474609e+00
5.047070980072021484e+00
5.018139839172363281e+00
5.040498733520507812e+00
5.065578460693359375e+00
4.989642620086669922e+00
4.980899333953857422e+00
4.944693088531494141e+00
5.009219646453857422e+00
4.944090366363525391e+00
4.964802265167236328e+00
4.995819568634033203e+00
4.994342803955078125e+00
4.996826171875000000e+00
5.003381729125976562e+00
5.035989284515380859e+00
5.036159515380859375e+00
5.011425971984863281e+00
5.025641918182373047e+00
5.015408992767333984e+00
5.042350769042968750e+00
5.012601852416992188e+00
5.073111057281494141e+00
5.037712574005126953e+00
5.022625923156738281e+00
5.047324180603027344e+00
5.011058807373046875e+00
5.040327072143554688e+00
5.055970191955566406e+00
5.037769317626953125e+00
5.043488025665283203e+00
5.039336204528808594e+00
5.030015945434570312e+00
5.096186637878417969e+00
5.051153659820556641e+00
5.022276401519775391e+00
5.038540840148925781e+00
5.036819458007812500e+00
5.032455921173095703e+00
5.031749725341796875e+00
5.019031047821044922e+00
4.996582031250000000e+00
5.061299800872802734e+00
5.035288810729980469e+00
5.028067588806152344e+00
4.934368610382080078e+00
4.997999668121337891e+00
4.997335910797119141e+00
5.015684127807617188e+00
5.020594596862792969e+00
5.050535202026367188e+00
4.973701000213623047e+00
4.981938362121582031e+00
4.993080615997314453e+00
5.006517410278320312e+00
4.987735748291015625e+00
5.011685848236083984e+00
4.971688270568847656e+00
4.988473415374755859e+00
5.008020401000976562e+00
5.037879467010498047e+00
4.984265327453613281e+00
5.018836021423339844e+00
5.038156509399414062e+00
5.023957729339599609e+00
5.029973030090332031e+00
5.036967277526855469e+00
5.029576778411865234e+00
5.075238227844238281e+00
5.025652885437011719e+00
5.050136566162109375e+00
5.037521839141845703e+00
5.018685340881347656e+00
5.011180400848388672e+00
5.030195236206054688e+00
5.026347160339355469e+00
5.034608840942382812e+00
5.025846004486083984e+00
5.013260841369628906e+00
5.027486324310302734e+00
5.065432071685791016e+00
5.055658340454101562e+00
5.058863639831542969e+00
5.048384189605712891e+00
4.999512672424316406e+00
5.006406307220458984e+00
5.007338523864746094e+00
5.034919261932373047e+00
4.996105194091796875e+00
5.039513587951660156e+00
5.020331859588623047e+00
4.995179653167724609e+00
5.039035320281982422e+00
4.998987197875976562e+00
4.982160091400146484e+00
4.938996315002441406e+00
4.959161281585693359e+00
4.949029445648193359e+00
4.963624000549316406e+00
4.981175899505615234e+00
4.967700481414794922e+00
4.971780300140380859e+00
4.924038410186767578e+00
4.972151279449462891e+00
4.974549770355224609e+00
5.005979061126708984e+00
4.988956451416015625e+00
5.049001693725585938e+00
5.051618099212646484e+00
5.040882110595703125e+00
5.039212703704833984e+00
5.051379203796386719e+00
4.994646072387695312e+00
5.037992477416992188e+00
5.013825893402099609e+00
5.021128177642822266e+00
4.994353771209716797e+00
5.030387401580810547e+00
5.063863277435302734e+00
5.033998966217041016e+00
5.028912067413330078e+00
5.042334556579589844e+00
5.065104961395263672e+00
5.014949798583984375e+00
5.028431892395019531e+00
5.014509201049804688e+00
5.033390998840332031e+00
5.001227378845214844e+00
5.030094623565673828e+00
5.028390884399414062e+00
4.983229160308837891e+00
5.073425292968750000e+00
5.030531406402587891e+00
5.012701511383056641e+00
5.037454605102539062e+00
5.000353813171386719e+00
5.017560958862304688e+00
4.997066974639892578e+00
4.957539081573486328e+00
4.957958698272705078e+00
4.975961208343505859e+00
4.949129581451416016e+00
4.998715877532958984e+00
4.979043960571289062e+00
4.964261054992675781e+00
5.008405685424804688e+00
4.998508930206298828e+00
4.994202136993408203e+00
4.985558509826660156e+00
5.039706707000732422e+00
5.054193496704101562e+00
5.028130531311035156e+00
5.041605949401855469e+00
5.007757186889648438e+00
5.038048744201660156e+00
4.998668193817138672e+00
5.010237693786621094e+00
5.009159088134765625e+00
5.019540786743164062e+00
5.077342510223388672e+00
5.032742500305175781e+00
5.055322647094726562e+00
5.025699138641357422e+00
5.071986198425292969e+00
5.031433105468750000e+00
5.019916057586669922e+00
4.981747627258300781e+00
4.993583679199218750e+00
5.058107376098632812e+00
5.065970897674560547e+00
4.993980407714843750e+00
5.018748283386230469e+00
4.991047382354736328e+00
5.063105583190917969e+00
5.056461334228515625e+00
5.047968864440917969e+00
5.004745006561279297e+00
4.961530208587646484e+00
4.917060852050781250e+00
4.979235172271728516e+00
4.991858959197998047e+00
4.958523750305175781e+00
4.986926555633544922e+00
4.997467517852783203e+00
4.972751140594482422e+00
4.992171287536621094e+00
5.027804374694824219e+00
4.965586185455322266e+00
4.989357471466064453e+00
5.040868759155273438e+00
5.071458339691162109e+00
5.034989356994628906e+00
5.058821678161621094e+00
5.005701065063476562e+00
5.037777423858642578e+00
5.027331352233886719e+00
5.009191989898681641e+00
5.051148414611816406e+00
4.997330188751220703e+00
5.056677818298339844e+00
5.027760982513427734e+00
5.019176006317138672e+00
5.016453742980957031e+00
5.015783309936523438e+00
5.013236522674560547e+00
4.998248577117919922e+00
5.016832828521728516e+00
5.011536598205566406e+00
5.014076709747314453e+00
5.025478839874267578e+00
5.030094623565673828e+00
4.992179870605468750e+00
4.990579605102539062e+00
5.036558151245117188e+00
5.042838096618652344e+00
5.010978698730468750e+00
4.980657577514648438e+00
4.951651096343994141e+00
4.944376945495605469e+00
4.910929203033447266e+00
4.967042446136474609e+00
4.999320030212402344e+00
4.996498107910156250e+00
5.028754711151123047e+00
4.974446296691894531e+00
5.022142410278320312e+00
5.037954807281494141e+00
5.034732818603515625e+00
5.015141963958740234e+00
5.051328659057617188e+00
5.010812759399414062e+00
5.044418334960937500e+00
4.985631942749023438e+00
5.036566257476806641e+00
5.006725311279296875e+00
4.975153923034667969e+00
5.029319286346435547e+00
5.031137943267822266e+00
5.019425392150878906e+00
5.022773265838623047e+00
5.033966541290283203e+00
5.062951087951660156e+00
5.026760578155517578e+00
5.016052722930908203e+00
5.013842582702636719e+00
5.006053924560546875e+00
4.986756801605224609e+00
5.054542541503906250e+00
5.044584274291992188e+00
5.057474613189697266e+00
5.006542205810546875e+00
4.940826892852783203e+00
4.937483787536621094e+00
4.961739063262939453e+00
4.968283176422119141e+00
4.999898433685302734e+00
5.019395351409912109e+00
4.960301399230957031e+00
4.990503311157226562e+00
5.008394718170166016e+00
4.993507862091064453e+00
4.971343517303466797e+00
4.983058452606201172e+00
4.972018718719482422e+00
5.021032333374023438e+00
5.018169879913330078e+00
4.991117954254150391e+00
5.001682281494140625e+00
5.058125972747802734e+00
5.043720722198486328e+00
4.990731716156005859e+00
4.992962360382080078e+00
5.023575782775878906e+00
5.020107269287109375e+00
5.011983871459960938e+00
5.012281894683837891e+00
5.031300544738769531e+00
4.992112159729003906e+00
4.998125553131103516e+00
5.020482540130615234e+00
4.986581325531005859e+00
5.053105354309082031e+00
4.937900066375732422e+00
4.998189926147460938e+00
5.007102966308593750e+00
5.035641670227050781e+00
5.007601737976074219e+00
4.994477748870849609e+00
4.981446266174316406e+00
4.996480941772460938e+00
5.014872550964355469e+00
5.050086021423339844e+00
4.987823486328125000e+00
4.992123603820800781e+00
5.011826515197753906e+00
5.028534889221191406e+00
5.003687858581542969e+00
5.015307426452636719e+00
4.993777751922607422e+00
5.022311687469482422e+00
5.030658721923828125e+00
4.979015827178955078e+00
4.973861694335937500e+00
5.002582550048828125e+00
5.023859500885009766e+00
4.968138694763183594e+00
4.967478275299072266e+00
4.979315280914306641e+00
5.012875080108642578e+00
4.998864173889160156e+00
5.003189563751220703e+00
4.986748218536376953e+00
5.005928993225097656e+00
4.975715160369873047e+00
4.975543498992919922e+00
5.021661281585693359e+00
5.005659580230712891e+00
5.017596244812011719e+00
5.060419082641601562e+00
4.988671302795410156e+00
4.997083663940429688e+00
5.028605461120605469e+00
5.025576591491699219e+00
