4.508980751037597656e+00
4.617988109588623047e+00
4.597961425781250000e+00
4.632059097290039062e+00
4.518828392028808594e+00
4.588933944702148438e+00
4.606415271759033203e+00
4.604073047637939453e+00
4.631171226501464844e+00
4.499933719635009766e+00
4.570660591125488281e+00
4.595812320709228516e+00
4.622415065765380859e+00
4.574883460998535156e+00
4.656924247741699219e+00
4.610597133636474609e+00
4.514121055603027344e+00
4.547257423400878906e+00
4.557489395141601562e+00
4.701448917388916016e+00
4.616763591766357422e+00
4.561035633087158203e+00
4.661880493164062500e+00
4.562036037445068359e+00
4.547894001007080078e+00
4.619840621948242188e+00
4.605901718139648438e+00
4.574007034301757812e+00
4.548218727111816406e+00
4.598345279693603516e+00
4.596916675567626953e+00
4.487787723541259766e+00
4.536537647247314453e+00
4.597944736480712891e+00
4.601820945739746094e+00
4.563645362854003906e+00
4.571493148803710938e+00
4.585539817810058594e+00
4.618528366088867188e+00
4.577555179595947266e+00
4.543159008026123047e+00
4.574874877929687500e+00
4.629715442657470703e+00
4.505693435668945312e+00
4.629137039184570312e+00
4.677243709564208984e+00
4.695474147796630859e+00
4.622109413146972656e+00
4.513380527496337891e+00
4.617664813995361328e+00
4.540322780609130859e+00
4.668226242065429688e+00
4.583661079406738281e+00
4.660139560699462891e+00
4.582783699035644531e+00
4.706796646118164062e+00
4.459534168243408203e+00
4.489059448242187500e+00
4.578100204467773438e+00
4.643292903900146484e+00
4.537083625793457031e+00
4.570634841918945312e+00
4.594484806060791016e+00
4.727817535400390625e+00
4.648436069488525391e+00
4.529188156127929688e+00
4.583279609680175781e+00
4.528427124023437500e+00
4.580738067626953125e+00
4.567471504211425781e+00
4.551496505737304688e+00
4.643348693847656250e+00
4.648463726043701172e+00
4.725820541381835938e+00
4.594292163848876953e+00
4.495294094085693359e+00
4.504598140716552734e+00
4.543573379516601562e+00
4.623970985412597656e+00
4.617144584655761719e+00
4.574075222015380859e+00
4.660135746002197266e+00
4.619395256042480469e+00
4.679493904113769531e+00
4.424362659454345703e+00
4.592962741851806641e+00
4.401124000549316406e+00
4.580555438995361328e+00
4.587554931640625000e+00
4.631817340850830078e+00
4.599942684173583984e+00
4.625828266143798828e+00
4.653967380523681641e+00
4.714500904083251953e+00
4.710945129394531250e+00
4.533704757690429688e+00
4.523279190063476562e+00
4.571604728698730469e+00
4.699081420898437500e+00
4.597627162933349609e+00
4.653580188751220703e+00
4.628966808319091797e+00
4.693259239196777344e+00
4.588828563690185547e+00
4.665439128875732422e+00
4.459630012512207031e+00
4.496708869934082031e+00
4.614864349365234375e+00
4.633378028869628906e+00
4.631146907806396484e+00
4.578185558319091797e+00
4.571124076843261719e+00
4.552720546722412109e+00
4.596402168273925781e+00
4.687670707702636719e+00
4.694397449493408203e+00
4.539721012115478516e+00
4.561143875122070312e+00
4.523365020751953125e+00
4.648685932159423828e+00
4.614605426788330078e+00
4.555103302001953125e+00
4.599355220794677734e+00
4.622451782226562500e+00
4.621322631835937500e+00
4.668483257293701172e+00
4.685970306396484375e+00
4.652390480041503906e+00
4.601625442504882812e+00
4.533994674682617188e+00
4.693168163299560547e+00
4.593457698822021484e+00
4.619399070739746094e+00
4.549574375152587891e+00
4.639930725097656250e+00
4.573476314544677734e+00
4.650280475616455078e+00
4.636746406555175781e+00
4.636376857757568359e+00
4.601525306701660156e+00
4.474826335906982422e+00
4.529295444488525391e+00
4.750498771667480469e+00
4.638271331787109375e+00
4.627281188964843750e+00
4.570956707000732422e+00
4.602074623107910156e+00
4.623140335083007812e+00
4.597209453582763672e+00
4.624170303344726562e+00
4.606174945831298828e+00
4.691134929656982422e+00
4.598862648010253906e+00
4.444292068481445312e+00
4.698182582855224609e+00
4.682146072387695312e+00
4.626149177551269531e+00
4.607272148132324219e+00
4.656987190246582031e+00
4.721268177032470703e+00
4.596937656402587891e+00
4.669218063354492188e+00
4.690000534057617188e+00
4.627877235412597656e+00
4.588251113891601562e+00
4.509245395660400391e+00
4.730667114257812500e+00
4.642314434051513672e+00
4.605566024780273438e+00
4.627601623535156250e+00
4.609251976013183594e+00
4.562533855438232422e+00
4.676116466522216797e+00
4.668319702148437500e+00
4.592706680297851562e+00
4.633164405822753906e+00
4.478470802307128906e+00
4.593818187713623047e+00
4.714523315429687500e+00
4.669346332550048828e+00
4.629497051239013672e+00
4.626904010772705078e+00
4.569595813751220703e+00
4.549876689910888672e+00
4.558197975158691406e+00
4.657935619354248047e+00
4.607598781585693359e+00
4.594455718994140625e+00
4.497826576232910156e+00
4.542894363403320312e+00
4.589157104492187500e+00
4.733781814575195312e+00
4.564828872680664062e+00
4.633035659790039062e+00
4.555696010589599609e+00
4.514170646667480469e+00
4.511775016784667969e+00
4.605860233306884766e+00
4.545586585998535156e+00
4.566816806793212891e+00
4.484785079956054688e+00
4.517023086547851562e+00
4.535498142242431641e+00
4.623555660247802734e+00
4.705255985260009766e+00
4.597898483276367188e+00
4.546742916107177734e+00
4.523832798004150391e+00
4.558041572570800781e+00
4.546633243560791016e+00
4.648404121398925781e+00
4.569054603576660156e+00
4.574656963348388672e+00
4.507281303405761719e+00
4.497304916381835938e+00
4.508099079132080078e+00
4.684554100036621094e+00
4.623075485229492188e+00
4.597518444061279297e+00
4.498518943786621094e+00
4.566049575805664062e+00
4.510586261749267578e+00
4.585324287414550781e+00
4.566933155059814453e+00
4.530068874359130859e+00
4.541896343231201172e+00
4.495599269866943359e+00
4.514220714569091797e+00
4.741249084472656250e+00
4.639806747436523438e+00
4.617431163787841797e+00
4.543714523315429688e+00
4.575071334838867188e+00
4.518575191497802734e+00
4.539791584014892578e+00
4.479538440704345703e+00
4.510102748870849609e+00
4.587377548217773438e+00
4.524169921875000000e+00
4.566946029663085938e+00
4.510463237762451172e+00
4.759794712066650391e+00
4.670799732208251953e+00
4.600450992584228516e+00
4.587368965148925781e+00
4.573964118957519531e+00
4.556318759918212891e+00
4.571544647216796875e+00
4.466845512390136719e+00
4.469175815582275391e+00
4.591425418853759766e+00
4.538002014160156250e+00
4.427571773529052734e+00
4.532876491546630859e+00
4.609400749206542969e+00
4.641031265258789062e+00
4.552838802337646484e+00
4.580317497253417969e+00
4.539154052734375000e+00
4.558979511260986328e+00
4.561044216156005859e+00
4.550883769989013672e+00
4.551627635955810547e+00
4.560597896575927734e+00
4.563899993896484375e+00
4.573116779327392578e+00
4.481562614440917969e+00
4.671490669250488281e+00
4.604960918426513672e+00
4.575929641723632812e+00
4.536093711853027344e+00
4.487769126892089844e+00
4.506361484527587891e+00
4.610403060913085938e+00
4.509067535400390625e+00
4.587512493133544922e+00
4.541892051696777344e+00
4.500394344329833984e+00
4.492675781250000000e+00
4.556005477905273438e+00
4.725085258483886719e+00
4.551815986633300781e+00
4.638403892517089844e+00
4.491845130920410156e+00
4.479054450988769531e+00
4.506988525390625000e+00
4.543291091918945312e+00
4.582427501678466797e+00
4.506087303161621094e+00
4.521977901458740234e+00
4.587039947509765625e+00
4.471178054809570312e+00
4.607007026672363281e+00
4.772392272949218750e+00
4.570231437683105469e+00
4.602772712707519531e+00
4.441092491149902344e+00
4.555661201477050781e+00
4.548912048339843750e+00
4.513521194458007812e+00
4.512844085693359375e+00
4.587225437164306641e+00
4.572958469390869141e+00
4.594367504119873047e+00
4.491714954376220703e+00
4.515060424804687500e+00
4.738288402557373047e+00
4.589658260345458984e+00
4.579624176025390625e+00
4.536031246185302734e+00
4.499547004699707031e+00
4.506937980651855469e+00
4.499592781066894531e+00
4.535160064697265625e+00
4.566954612731933594e+00
4.491259574890136719e+00
4.489390373229980469e+00
4.529103279113769531e+00
4.537239074707031250e+00
4.513339519500732422e+00
4.653524875640869141e+00
4.539636611938476562e+00
4.572319984436035156e+00
4.562607288360595703e+00
4.549714565277099609e+00
4.512052536010742188e+00
4.471609592437744141e+00
4.613183498382568359e+00
4.530582904815673828e+00
4.527410507202148438e+00
4.541193962097167969e+00
4.470784664154052734e+00
4.530810832977294922e+00
4.765514850616455078e+00
4.530381679534912109e+00
4.582300186157226562e+00
4.488356113433837891e+00
4.535431385040283203e+00
4.575498580932617188e+00
4.595695495605468750e+00
4.500251770019531250e+00
4.569741725921630859e+00
4.510882377624511719e+00
4.539140701293945312e+00
4.548109054565429688e+00
4.519058704376220703e+00
4.684803009033203125e+00
4.646703243255615234e+00
4.607759952545166016e+00
4.513625621795654297e+00
4.555112361907958984e+00
4.568839550018310547e+00
4.565307617187500000e+00
4.474396705627441406e+00
4.549109458923339844e+00
4.552183151245117188e+00
4.568357944488525391e+00
4.557119369506835938e+00
4.528422832489013672e+00
4.575861454010009766e+00
4.638712882995605469e+00
4.642941474914550781e+00
4.583847522735595703e+00
4.620048999786376953e+00
4.602186679840087891e+00
4.490957736968994141e+00
4.553764343261718750e+00
4.512975692749023438e+00
4.478146076202392578e+00
4.538892745971679688e+00
4.593033790588378906e+00
4.519352436065673828e+00
4.533593654632568359e+00
4.614215373992919922e+00
4.658851623535156250e+00
4.597455978393554688e+00
4.538866043090820312e+00
4.537039279937744141e+00
4.475935935974121094e+00
4.447564125061035156e+00
4.537567138671875000e+00
4.521838188171386719e+00
4.542315959930419922e+00
4.489157676696777344e+00
4.569651603698730469e+00
4.514043807983398438e+00
4.601650238037109375e+00
4.716784000396728516e+00
4.623063087463378906e+00
4.542545318603515625e+00
4.545229911804199219e+00
4.526065349578857422e+00
4.460344314575195312e+00
4.545784473419189453e+00
4.542275905609130859e+00
4.533357620239257812e+00
4.555696010589599609e+00
4.485799312591552734e+00
4.545863628387451172e+00
4.536764144897460938e+00
4.520417690277099609e+00
4.716650485992431641e+00
4.704152584075927734e+00
4.643009662628173828e+00
4.581761360168457031e+00
4.617746353149414062e+00
4.488929271697998047e+00
4.471874713897705078e+00
4.541472434997558594e+00
4.480699062347412109e+00
4.528391838073730469e+00
4.510330677032470703e+00
4.567380905151367188e+00
4.468795776367187500e+00
4.541613578796386719e+00
4.632434844970703125e+00
4.592349529266357422e+00
4.568749427795410156e+00
4.611548900604248047e+00
4.480590820312500000e+00
4.499242782592773438e+00
4.534386157989501953e+00
4.568706035614013672e+00
4.539778232574462891e+00
4.510212421417236328e+00
4.509660720825195312e+00
4.566290855407714844e+00
4.585776805877685547e+00
4.615619182586669922e+00
4.530810832977294922e+00
4.599905490875244141e+00
4.587765693664550781e+00
4.473644733428955078e+00
4.472556591033935547e+00
4.526590347290039062e+00
4.519519329071044922e+00
4.518249511718750000e+00
4.526343822479248047e+00
4.474637508392333984e+00
4.488123416900634766e+00
4.534114837646484375e+00
4.586262702941894531e+00
4.679898262023925781e+00
4.580155849456787109e+00
4.558588981628417969e+00
4.559630870819091797e+00
4.508628845214843750e+00
4.541286468505859375e+00
4.449779510498046875e+00
4.559726238250732422e+00
4.523387432098388672e+00
4.506764411926269531e+00
4.547033309936523438e+00
4.466759681701660156e+00
4.501172065734863281e+00
4.551378250122070312e+00
4.644318103790283203e+00
4.621285915374755859e+00
4.613873958587646484e+00
4.596486091613769531e+00
4.567303180694580078e+00
4.566545486450195312e+00
4.528915405273437500e+00
4.491528987884521484e+00
4.516860008239746094e+00
4.430780410766601562e+00
4.511984348297119141e+00
4.471130847930908203e+00
4.528865814208984375e+00
4.567023277282714844e+00
4.630391120910644531e+00
4.545701026916503906e+00
4.622904300689697266e+00
4.609660625457763672e+00
4.598345279693603516e+00
4.478089332580566406e+00
4.521054267883300781e+00
4.488724231719970703e+00
4.533197402954101562e+00
4.491575717926025391e+00
4.466459751129150391e+00
4.537154674530029297e+00
4.552480220794677734e+00
4.562269687652587891e+00
4.635447978973388672e+00
4.541719436645507812e+00
4.560992240905761719e+00
4.621567249298095703e+00
4.552362442016601562e+00
4.595870971679687500e+00
4.559821605682373047e+00
4.439478874206542969e+00
4.499551296234130859e+00
4.514443397521972656e+00
4.494441986083984375e+00
4.465353965759277344e+00
4.505748271942138672e+00
4.625442504882812500e+00
4.674841403961181641e+00
4.530305862426757812e+00
4.605213642120361328e+00
4.572230339050292969e+00
4.545075893402099609e+00
4.565786361694335938e+00
4.486770629882812500e+00
4.459841251373291016e+00
4.564530849456787109e+00
4.568383693695068359e+00
4.543379306793212891e+00
4.553384780883789062e+00
4.515074253082275391e+00
4.639822959899902344e+00
4.540079116821289062e+00
4.495923042297363281e+00
4.605412483215332031e+00
4.567845821380615234e+00
4.557806491851806641e+00
4.562352180480957031e+00
4.508039951324462891e+00
4.506439208984375000e+00
4.493728637695312500e+00
4.526253700256347656e+00
4.559938907623291016e+00
4.524025917053222656e+00
4.606407165527343750e+00
4.625824451446533203e+00
4.574387550354003906e+00
4.601026058197021484e+00
4.579849720001220703e+00
4.520309448242187500e+00
4.589915275573730469e+00
4.582134723663330078e+00
4.498357295989990234e+00
4.441580772399902344e+00
4.436499595642089844e+00
4.492889404296875000e+00
4.433565139770507812e+00
4.548262596130371094e+00
4.595929622650146484e+00
4.566368579864501953e+00
4.593939781188964844e+00
4.539189338684082031e+00
4.565825462341308594e+00
4.628707885742187500e+00
4.621901512145996094e+00
4.554894447326660156e+00
4.531056404113769531e+00
4.478607177734375000e+00
4.461106300354003906e+00
4.534003257751464844e+00
4.500094890594482422e+00
4.573146820068359375e+00
4.685595512390136719e+00
4.595632553100585938e+00
4.622908115386962891e+00
4.630391120910644531e+00
4.619354248046875000e+00
4.557819843292236328e+00
4.554767608642578125e+00
4.589300155639648438e+00
4.527486801147460938e+00
4.462125778198242188e+00
4.493167877197265625e+00
4.525814056396484375e+00
4.456922054290771484e+00
4.661884307861328125e+00
4.660685062408447266e+00
4.671242237091064453e+00
4.584998607635498047e+00
4.639526367187500000e+00
4.569428443908691406e+00
4.595213890075683594e+00
4.610898017883300781e+00
4.499381065368652344e+00
4.503001213073730469e+00
4.504456043243408203e+00
4.424377918243408203e+00
4.512707710266113281e+00
4.465282440185546875e+00
4.558740615844726562e+00
4.559660911560058594e+00
4.628160953521728516e+00
4.596331119537353516e+00
4.578176975250244141e+00
4.534764289855957031e+00
4.591933727264404297e+00
4.573540687561035156e+00
4.421362876892089844e+00
4.470808506011962891e+00
4.520472049713134766e+00
4.493441104888916016e+00
4.522766113281250000e+00
4.480351448059082031e+00
4.581736087799072266e+00
4.517294883728027344e+00
4.634788036346435547e+00
4.640827178955078125e+00
4.597601890563964844e+00
4.532292366027832031e+00
4.455921173095703125e+00
4.674462318420410156e+00
4.541268825531005859e+00
4.454061508178710938e+00
4.468733787536621094e+00
4.509892940521240234e+00
4.465325355529785156e+00
4.497355461120605469e+00
4.517281055450439453e+00
4.569381237030029297e+00
4.505711555480957031e+00
4.573792934417724609e+00
4.537935256958007812e+00
4.582525253295898438e+00
4.569664478302001953e+00
4.611540794372558594e+00
4.653351306915283203e+00
4.471704006195068359e+00
4.450568675994873047e+00
4.498445034027099609e+00
4.428027153015136719e+00
4.469403743743896484e+00
4.369648933410644531e+00
4.524502754211425781e+00
4.568959712982177734e+00
4.520684242248535156e+00
4.561417102813720703e+00
4.510349273681640625e+00
4.577640056610107422e+00
4.510544776916503906e+00
4.590344429016113281e+00
4.592093467712402344e+00
4.505303859710693359e+00
4.436573028564453125e+00
4.509295463562011719e+00
4.520327568054199219e+00
4.447447776794433594e+00
4.516039848327636719e+00
4.512707710266113281e+00
4.415190219879150391e+00
4.492889404296875000e+00
4.509039878845214844e+00
4.622256278991699219e+00
4.553323268890380859e+00
4.551509857177734375e+00
4.562910079956054688e+00
4.639293670654296875e+00
4.525989055633544922e+00
4.406362533569335938e+00
4.516533851623535156e+00
4.499578952789306641e+00
4.524102210998535156e+00
4.468301296234130859e+00
4.560207843780517578e+00
4.542346954345703125e+00
4.638199329376220703e+00
4.575289249420166016e+00
4.575366020202636719e+00
4.570291519165039062e+00
4.513671398162841797e+00
4.559292316436767578e+00
4.580878257751464844e+00
4.432846546173095703e+00
4.581472873687744141e+00
4.470181941986083984e+00
4.541533946990966797e+00
4.458142280578613281e+00
4.475624561309814453e+00
4.489082813262939453e+00
4.543890953063964844e+00
4.526007175445556641e+00
4.578807353973388672e+00
4.581540584564208984e+00
4.544199466705322266e+00
4.614420413970947266e+00
4.543423652648925781e+00
4.616213798522949219e+00
4.550774574279785156e+00
4.446898937225341797e+00
4.393816471099853516e+00
4.416382789611816406e+00
4.546932220458984375e+00
4.430424690246582031e+00
4.548148632049560547e+00
4.533557891845703125e+00
4.534247875213623047e+00
4.580899238586425781e+00
4.598983764648437500e+00
4.577346324920654297e+00
4.525706291198730469e+00
4.497877597808837891e+00
4.624796390533447266e+00
4.441312313079833984e+00
4.511943340301513672e+00
4.492499351501464844e+00
4.519551277160644531e+00
4.531466960906982422e+00
4.455434799194335938e+00
4.483526229858398438e+00
4.536204338073730469e+00
4.550288200378417969e+00
4.613389015197753906e+00
4.611788272857666016e+00
4.612607479095458984e+00
4.556597232818603516e+00
4.535031318664550781e+00
4.610650539398193359e+00
4.631389141082763672e+00
4.356561660766601562e+00
4.544930458068847656e+00
4.451047897338867188e+00
4.521734714508056641e+00
4.461460590362548828e+00
4.603964805603027344e+00
4.508263587951660156e+00
4.569840431213378906e+00
4.669894695281982422e+00
4.625263690948486328e+00
4.545784473419189453e+00
4.571561336517333984e+00
4.569759368896484375e+00
4.582847118377685547e+00
4.505180358886718750e+00
4.464008331298828125e+00
4.492559909820556641e+00
4.492434501647949219e+00
4.484392166137695312e+00
4.454047203063964844e+00
4.501153469085693359e+00
4.559990882873535156e+00
4.558102130889892578e+00
4.588111877441406250e+00
4.616004943847656250e+00
4.615951538085937500e+00
4.579798698425292969e+00
4.585100173950195312e+00
4.613442420959472656e+00
4.575426101684570312e+00
4.466773986816406250e+00
4.574985980987548828e+00
4.389973163604736328e+00
4.509112834930419922e+00
4.426501750946044922e+00
4.501659870147705078e+00
4.551106929779052734e+00
4.542766094207763672e+00
4.519668579101562500e+00
4.616767406463623047e+00
4.643157005310058594e+00
4.601596355438232422e+00
4.617148399353027344e+00
4.563817977905273438e+00
4.616775512695312500e+00
4.536581993103027344e+00
4.498980045318603516e+00
4.482561588287353516e+00
4.469987869262695312e+00
4.611598491668701172e+00
4.442303180694580078e+00
4.439855575561523438e+00
4.667895317077636719e+00
4.477519989013671875e+00
4.628120422363281250e+00
4.599763393402099609e+00
4.603562355041503906e+00
4.490530014038085938e+00
4.607809543609619141e+00
4.584575653076171875e+00
4.604438304901123047e+00
4.512807369232177734e+00
4.478287220001220703e+00
4.495224475860595703e+00
4.522613048553466797e+00
4.480097770690917969e+00
4.463249206542968750e+00
4.651132106781005859e+00
4.539911270141601562e+00
4.531596183776855469e+00
4.578670978546142578e+00
4.620824813842773438e+00
4.582105159759521484e+00
4.526168823242187500e+00
4.602519512176513672e+00
4.630771160125732422e+00
4.631296157836914062e+00
4.449915409088134766e+00
4.509696960449218750e+00
4.454731464385986328e+00
4.470633029937744141e+00
4.412745475769042969e+00
4.538861751556396484e+00
4.460344314575195312e+00
4.619513511657714844e+00
4.547792911529541016e+00
4.661821842193603516e+00
4.609144687652587891e+00
4.597476959228515625e+00
4.538737773895263672e+00
4.592630863189697266e+00
4.577145576477050781e+00
4.633253097534179688e+00
4.479232788085937500e+00
4.425475120544433594e+00
4.578147411346435547e+00
4.458358764648437500e+00
4.519451618194580078e+00
4.465668678283691406e+00
4.528279781341552734e+00
4.561113834381103516e+00
4.523693084716796875e+00
4.597727298736572266e+00
4.650771617889404297e+00
4.584275245666503906e+00
4.614933967590332031e+00
4.626323699951171875e+00
4.672801017761230469e+00
4.564409732818603516e+00
4.443590641021728516e+00
4.582037448883056641e+00
4.524116039276123047e+00
4.571569919586181641e+00
4.531908512115478516e+00
4.416943550109863281e+00
4.500974178314208984e+00
4.624088764190673828e+00
4.682065963745117188e+00
4.611495494842529297e+00
4.637416839599609375e+00
4.572277545928955078e+00
4.628063678741455078e+00
4.596013545989990234e+00
4.666079044342041016e+00
4.410536766052246094e+00
4.448524475097656250e+00
4.496251583099365234e+00
4.509423255920410156e+00
4.560437679290771484e+00
4.497872829437255859e+00
4.358070373535156250e+00
4.303168773651123047e+00
4.619035243988037109e+00
4.649709701538085938e+00
4.636541366577148438e+00
4.595557212829589844e+00
4.586748600006103516e+00
4.594132900238037109e+00
4.590874671936035156e+00
4.732654571533203125e+00
4.507879734039306641e+00
4.434972286224365234e+00
4.445440769195556641e+00
4.478602409362792969e+00
4.541260242462158203e+00
4.381194114685058594e+00
4.462947845458984375e+00
4.471632957458496094e+00
4.700288295745849609e+00
4.579874992370605469e+00
4.624739646911621094e+00
4.561624526977539062e+00
4.644588947296142578e+00
4.525338172912597656e+00
4.669801235198974609e+00
4.599380016326904297e+00
4.263764858245849609e+00
4.488253593444824219e+00
4.449866771697998047e+00
4.457541942596435547e+00
4.478701591491699219e+00
4.444720745086669922e+00
4.490134716033935547e+00
4.211074829101562500e+00
4.510508537292480469e+00
4.689688205718994141e+00
4.563493728637695312e+00
4.659975051879882812e+00
4.531917572021484375e+00
4.606899738311767578e+00
4.624775886535644531e+00
4.685055732727050781e+00
4.366621971130371094e+00
4.428071975708007812e+00
4.440412998199462891e+00
4.542037487030029297e+00
4.422597885131835938e+00
4.481792449951171875e+00
4.421133518218994141e+00
4.503869056701660156e+00
4.123405456542968750e+00
4.501728534698486328e+00
4.680125236511230469e+00
4.534207820892333984e+00
4.550358295440673828e+00
4.637902736663818359e+00
4.596473217010498047e+00
4.701934337615966797e+00
4.517362594604492188e+00
4.348598003387451172e+00
4.435832023620605469e+00
4.492517948150634766e+00
4.459913253784179688e+00
4.514570236206054688e+00
4.501286983489990234e+00
4.440104961395263672e+00
4.315374851226806641e+00
4.198545455932617188e+00
4.625751495361328125e+00
4.662170410156250000e+00
4.594857692718505859e+00
4.608735561370849609e+00
4.616521358489990234e+00
4.662338733673095703e+00
4.647061347961425781e+00
4.417218685150146484e+00
4.459260940551757812e+00
4.502233982086181641e+00
4.395494937896728516e+00
4.542059898376464844e+00
4.494488239288330078e+00
4.477736473083496094e+00
4.510945796966552734e+00
4.317201137542724609e+00
4.662694931030273438e+00
4.582283020019531250e+00
4.611520290374755859e+00
4.606067180633544922e+00
4.671708106994628906e+00
4.682890892028808594e+00
4.534559726715087891e+00
4.376686573028564453e+00
4.482706546783447266e+00
4.409523963928222656e+00
4.484785079956054688e+00
4.445192813873291016e+00
4.479590415954589844e+00
4.462077617645263672e+00
4.468011379241943359e+00
4.513271331787109375e+00
4.660143375396728516e+00
4.550235748291015625e+00
4.602074623107910156e+00
4.573814392089843750e+00
4.628950595855712891e+00
4.651816844940185547e+00
4.314088821411132812e+00
4.435040950775146484e+00
4.456123352050781250e+00
4.472045421600341797e+00
4.460531234741210938e+00
4.378326892852783203e+00
4.436028480529785156e+00
4.404889583587646484e+00
4.577831745147705078e+00
4.613492012023925781e+00
4.590087890625000000e+00
4.620791912078857422e+00
4.591958999633789062e+00
4.785027503967285156e+00
4.507852554321289062e+00
4.310732841491699219e+00
4.470798969268798828e+00
4.442269325256347656e+00
4.513825416564941406e+00
4.460416316986083984e+00
4.457599639892578125e+00
4.421676635742187500e+00
4.479496479034423828e+00
4.592693805694580078e+00
4.648416042327880859e+00
4.620501995086669922e+00
4.616890430450439453e+00
4.596548557281494141e+00
4.722238540649414062e+00
4.453168869018554688e+00
4.385499954223632812e+00
4.543352603912353516e+00
4.477698802947998047e+00
4.488118648529052734e+00
4.463435649871826172e+00
4.486929416656494141e+00
4.514951705932617188e+00
4.462355136871337891e+00
4.534417152404785156e+00
4.610419750213623047e+00
4.629990577697753906e+00
4.667424201965332031e+00
4.598575115203857422e+00
4.701215267181396484e+00
4.451454162597656250e+00
4.436440467834472656e+00
4.545062541961669922e+00
4.441888332366943359e+00
4.517081737518310547e+00
4.464896202087402344e+00
4.530131340026855469e+00
4.464094638824462891e+00
4.447840690612792969e+00
4.544516563415527344e+00
4.679963588714599609e+00
4.614605426788330078e+00
4.645871639251708984e+00
4.660280704498291016e+00
4.708528995513916016e+00
4.389134407043457031e+00
4.383095741271972656e+00
4.477849483489990234e+00
4.428299427032470703e+00
4.464381217956542969e+00
4.461623191833496094e+00
4.528718471527099609e+00
4.541772842407226562e+00
4.500150203704833984e+00
4.686463356018066406e+00
4.567901611328125000e+00
4.588225841522216797e+00
4.618188381195068359e+00
4.791985511779785156e+00
4.387970924377441406e+00
4.402008533477783203e+00
4.463230133056640625e+00
4.420131206512451172e+00
4.543295383453369141e+00
4.424779891967773438e+00
4.473720550537109375e+00
4.413484096527099609e+00
4.564535140991210938e+00
4.648880481719970703e+00
4.573519229888916016e+00
4.664224147796630859e+00
4.684194087982177734e+00
4.710661888122558594e+00
4.403100013732910156e+00
4.433899879455566406e+00
4.486107826232910156e+00
4.494039058685302734e+00
4.457176685333251953e+00
4.539734363555908203e+00
4.407479763031005859e+00
4.420465469360351562e+00
4.566235065460205078e+00
4.590083599090576172e+00
4.584224224090576172e+00
4.604964733123779297e+00
4.688376426696777344e+00
4.625483036041259766e+00
4.401932239532470703e+00
4.508172512054443359e+00
4.485014438629150391e+00
4.486089229583740234e+00
4.441571235656738281e+00
4.480229377746582031e+00
4.482425689697265625e+00
4.477015495300292969e+00
4.620024204254150391e+00
4.634603023529052734e+00
4.651346206665039062e+00
4.696568012237548828e+00
4.642921447753906250e+00
4.552314281463623047e+00
4.458214282989501953e+00
4.587381839752197266e+00
4.529232978820800781e+00
4.528928756713867188e+00
4.523756027221679688e+00
4.525616645812988281e+00
4.464571952819824219e+00
4.411226749420166016e+00
4.603080272674560547e+00
4.654200077056884766e+00
4.651733875274658203e+00
4.637260437011718750e+00
4.608628273010253906e+00
4.501558303833007812e+00
4.506375312805175781e+00
4.488029956817626953e+00
4.477114677429199219e+00
4.516765117645263672e+00
4.479829788208007812e+00
4.490632534027099609e+00
4.488757133483886719e+00
4.557785034179687500e+00
4.611166000366210938e+00
4.660669326782226562e+00
4.641031265258789062e+00
4.568968296051025391e+00
4.451647281646728516e+00
4.495525360107421875e+00
4.463459491729736328e+00
4.514928817749023438e+00
4.560914516448974609e+00
4.501903057098388672e+00
4.528431892395019531e+00
4.442264080047607422e+00
4.537753582000732422e+00
4.707597732543945312e+00
4.649864196777343750e+00
4.594874382019042969e+00
4.493172168731689453e+00
4.454326629638671875e+00
4.489869594573974609e+00
4.505807876586914062e+00
4.501507759094238281e+00
4.374673843383789062e+00
4.484640121459960938e+00
4.428541660308837891e+00
4.513257503509521484e+00
4.578202724456787109e+00
4.732490062713623047e+00
4.590538024902343750e+00
4.576681137084960938e+00
4.462154388427734375e+00
4.484378337860107422e+00
4.460100173950195312e+00
4.480783462524414062e+00
4.484481334686279297e+00
4.467773437500000000e+00
4.446840286254882812e+00
4.445290088653564453e+00
4.548854827880859375e+00
4.615278720855712891e+00
4.672091960906982422e+00
4.617713928222656250e+00
4.493422508239746094e+00
4.350535869598388672e+00
4.481417179107666016e+00
4.445931911468505859e+00
4.427443027496337891e+00
4.458478450775146484e+00
4.409478664398193359e+00
4.483395576477050781e+00
4.507742881774902344e+00
4.488085746765136719e+00
4.722802639007568359e+00
4.754381179809570312e+00
4.494835853576660156e+00
4.464672088623046875e+00
4.546387195587158203e+00
4.488579750061035156e+00
4.502454757690429688e+00
4.522383689880371094e+00
4.536248683929443359e+00
4.481989383697509766e+00
4.424203872680664062e+00
4.671517848968505859e+00
4.675432682037353516e+00
4.440134525299072266e+00
4.407368659973144531e+00
4.509788036346435547e+00
4.456233978271484375e+00
4.534764289855957031e+00
4.463812828063964844e+00
4.413373947143554688e+00
4.456854343414306641e+00
4.647192478179931641e+00
4.715032100677490234e+00
4.410189151763916016e+00
4.432673931121826172e+00
4.517122745513916016e+00
4.432521343231201172e+00
4.533326148986816406e+00
4.467035770416259766e+00
4.533669471740722656e+00
4.433151721954345703e+00
4.632950782775878906e+00
4.674883842468261719e+00
4.287165641784667969e+00
4.484864711761474609e+00
4.457190990447998047e+00
4.494390964508056641e+00
4.544437408447265625e+00
4.557010650634765625e+00
4.425688266754150391e+00
4.368872165679931641e+00
4.561733245849609375e+00
4.491552352905273438e+00
4.528328895568847656e+00
4.512270927429199219e+00
4.516330242156982422e+00
4.472268104553222656e+00
