4.694992065429687500e+00
4.725665569305419922e+00
4.839691162109375000e+00
4.709937095642089844e+00
4.783749580383300781e+00
4.647686004638671875e+00
4.716940402984619141e+00
4.684037685394287109e+00
4.692170143127441406e+00
4.765623092651367188e+00
4.631228446960449219e+00
4.653251171112060547e+00
4.652830123901367188e+00
4.753652572631835938e+00
4.820235729217529297e+00
4.778845310211181641e+00
4.694799423217773438e+00
4.694399833679199219e+00
4.712967872619628906e+00
4.694567203521728516e+00
4.752582550048828125e+00
4.733932018280029297e+00
4.703436374664306641e+00
4.783043384552001953e+00
4.717625617980957031e+00
4.813352584838867188e+00
4.673612117767333984e+00
4.765913486480712891e+00
4.717866897583007812e+00
4.683746337890625000e+00
4.662366867065429688e+00
4.620419502258300781e+00
4.726521015167236328e+00
4.707033157348632812e+00
4.738924026489257812e+00
4.665334224700927734e+00
4.803424358367919922e+00
4.755740642547607422e+00
4.717103004455566406e+00
4.941989421844482422e+00
4.723577022552490234e+00
4.737451553344726562e+00
4.769512653350830078e+00
4.684568405151367188e+00
4.741487979888916016e+00
4.739963531494140625e+00
4.724795341491699219e+00
4.718435287475585938e+00
4.721872806549072266e+00
4.762361049652099609e+00
4.694670200347900391e+00
4.709054470062255859e+00
4.737873077392578125e+00
4.698271751403808594e+00
4.768594741821289062e+00
4.646330833435058594e+00
4.761895656585693359e+00
4.638589859008789062e+00
4.763221263885498047e+00
4.721634864807128906e+00
4.785686016082763672e+00
4.723982334136962891e+00
4.688007354736328125e+00
4.763856887817382812e+00
4.757598876953125000e+00
4.757206916809082031e+00
4.747638225555419922e+00
4.755023479461669922e+00
4.691589832305908203e+00
4.710017204284667969e+00
4.738499164581298828e+00
4.757464408874511719e+00
4.679491519927978516e+00
4.751654624938964844e+00
4.746496200561523438e+00
4.744302749633789062e+00
4.746600627899169922e+00
4.775919914245605469e+00
4.686555385589599609e+00
4.748885631561279297e+00
4.737710475921630859e+00
4.775620937347412109e+00
4.686562061309814453e+00
4.645076274871826172e+00
4.797141075134277344e+00
4.686240673065185547e+00
4.758820533752441406e+00
4.815906047821044922e+00
4.669720649719238281e+00
4.764107704162597656e+00
4.650877952575683594e+00
4.777682781219482422e+00
4.683061599731445312e+00
4.798218250274658203e+00
4.669296741485595703e+00
4.679161548614501953e+00
4.797589302062988281e+00
4.738941192626953125e+00
4.700656890869140625e+00
4.639537811279296875e+00
4.719775676727294922e+00
4.780954360961914062e+00
4.704286098480224609e+00
4.696026325225830078e+00
4.719542503356933594e+00
4.804518699645996094e+00
4.646114826202392578e+00
4.788769245147705078e+00
4.663622856140136719e+00
4.716987609863281250e+00
4.692297458648681641e+00
4.751898765563964844e+00
4.725138664245605469e+00
4.790454387664794922e+00
4.682116031646728516e+00
4.685206413269042969e+00
4.672517776489257812e+00
4.724546909332275391e+00
4.652957916259765625e+00
4.670627593994140625e+00
4.729803085327148438e+00
4.724260330200195312e+00
4.758895397186279297e+00
4.669112682342529297e+00
4.713882446289062500e+00
4.768718242645263672e+00
4.758972644805908203e+00
4.748286247253417969e+00
4.724923610687255859e+00
4.746307373046875000e+00
4.748898506164550781e+00
4.691137313842773438e+00
4.757266044616699219e+00
4.675508499145507812e+00
4.738985538482666016e+00
4.817895412445068359e+00
4.766188621520996094e+00
4.709267139434814453e+00
4.711603641510009766e+00
4.758744239807128906e+00
4.681645393371582031e+00
4.696651935577392578e+00
4.784161567687988281e+00
4.650981903076171875e+00
4.758752822875976562e+00
4.726295471191406250e+00
4.732511043548583984e+00
4.695115089416503906e+00
4.745762825012207031e+00
4.698481559753417969e+00
4.625358581542968750e+00
4.697863101959228516e+00
4.723857879638671875e+00
4.741101741790771484e+00
4.600433826446533203e+00
4.746953487396240234e+00
4.678111076354980469e+00
4.754423141479492188e+00
4.734511375427246094e+00
4.688860416412353516e+00
4.799541473388671875e+00
4.732392787933349609e+00
4.732541084289550781e+00
4.761101722717285156e+00
4.708315372467041016e+00
4.778378486633300781e+00
4.775800704956054688e+00
4.678290367126464844e+00
4.757265090942382812e+00
4.780959129333496094e+00
4.741152286529541016e+00
4.718809127807617188e+00
4.731332778930664062e+00
4.696440696716308594e+00
4.765616416931152344e+00
4.729148864746093750e+00
4.713609218597412109e+00
4.743552684783935547e+00
4.613796710968017578e+00
4.697530746459960938e+00
4.795251846313476562e+00
4.724542617797851562e+00
4.708144664764404297e+00
4.688539505004882812e+00
4.766156196594238281e+00
4.785050392150878906e+00
4.671850204467773438e+00
4.664312839508056641e+00
4.757987022399902344e+00
4.667614459991455078e+00
4.675560951232910156e+00
4.709115505218505859e+00
4.735113620758056641e+00
4.686590194702148438e+00
4.800889968872070312e+00
4.744006156921386719e+00
4.791340827941894531e+00
4.625248432159423828e+00
4.789226055145263672e+00
4.797000408172607422e+00
4.753015995025634766e+00
4.729146480560302734e+00
4.740321159362792969e+00
4.751181125640869141e+00
4.786583423614501953e+00
4.730210304260253906e+00
4.724241733551025391e+00
4.686461448669433594e+00
4.773009300231933594e+00
4.711390018463134766e+00
4.743000030517578125e+00
4.722446918487548828e+00
4.744788646697998047e+00
4.678475379943847656e+00
4.683250427246093750e+00
4.751520633697509766e+00
4.793422222137451172e+00
4.641941070556640625e+00
4.726778984069824219e+00
4.695363998413085938e+00
4.722119808197021484e+00
4.661962985992431641e+00
4.708405494689941406e+00
4.714673995971679688e+00
4.721534252166748047e+00
4.732276439666748047e+00
4.816751956939697266e+00
4.720322132110595703e+00
4.736989021301269531e+00
4.725435733795166016e+00
4.731322288513183594e+00
4.735882282257080078e+00
4.753990173339843750e+00
4.744870662689208984e+00
4.736565113067626953e+00
4.732460498809814453e+00
4.820287227630615234e+00
4.692181587219238281e+00
4.734058856964111328e+00
4.700723171234130859e+00
4.746798038482666016e+00
4.631913185119628906e+00
4.720416545867919922e+00
4.707739830017089844e+00
4.715150833129882812e+00
4.707960128784179688e+00
4.750263214111328125e+00
4.740316867828369141e+00
4.743626117706298828e+00
4.738966941833496094e+00
4.723363876342773438e+00
4.673117160797119141e+00
4.650234222412109375e+00
4.726230621337890625e+00
4.574022769927978516e+00
4.804221630096435547e+00
4.746601581573486328e+00
4.713730335235595703e+00
4.672005176544189453e+00
4.745154380798339844e+00
4.692281246185302734e+00
4.764058113098144531e+00
4.683043956756591797e+00
4.634918212890625000e+00
4.649147987365722656e+00
4.687233448028564453e+00
4.720019817352294922e+00
4.775136470794677734e+00
4.694796562194824219e+00
4.774035453796386719e+00
4.719029426574707031e+00
4.721451282501220703e+00
4.752108097076416016e+00
4.814565658569335938e+00
4.752550601959228516e+00
4.824943542480468750e+00
4.759215354919433594e+00
4.697322845458984375e+00
4.748477935791015625e+00
4.755362510681152344e+00
4.775642395019531250e+00
4.701409339904785156e+00
4.724532127380371094e+00
4.690584659576416016e+00
4.737708091735839844e+00
4.790841102600097656e+00
4.756989002227783203e+00
4.678423881530761719e+00
4.694774627685546875e+00
4.757130622863769531e+00
4.754093647003173828e+00
4.794786930084228516e+00
4.806621551513671875e+00
4.749526023864746094e+00
4.721662521362304688e+00
4.746687889099121094e+00
4.637418270111083984e+00
4.731261730194091797e+00
4.694177627563476562e+00
4.714042663574218750e+00
4.705605506896972656e+00
4.778286457061767578e+00
4.674801826477050781e+00
4.764182567596435547e+00
4.699671745300292969e+00
4.735761642456054688e+00
4.587957859039306641e+00
4.715950489044189453e+00
4.761396408081054688e+00
4.729500770568847656e+00
4.728379249572753906e+00
4.689251899719238281e+00
4.697003364562988281e+00
4.757576465606689453e+00
4.697617053985595703e+00
4.747808933258056641e+00
4.819454669952392578e+00
4.713114738464355469e+00
4.728568077087402344e+00
4.749674797058105469e+00
4.784437656402587891e+00
4.713511466979980469e+00
4.676642894744873047e+00
4.688597202301025391e+00
4.685496807098388672e+00
4.740168094635009766e+00
4.749825477600097656e+00
4.756800651550292969e+00
4.663394927978515625e+00
4.712182044982910156e+00
4.769611835479736328e+00
4.699443340301513672e+00
4.759621143341064453e+00
4.797186374664306641e+00
4.701403141021728516e+00
4.694666862487792969e+00
4.687471389770507812e+00
4.789338111877441406e+00
4.686336994171142578e+00
4.662362575531005859e+00
4.705881118774414062e+00
4.668535709381103516e+00
4.709997177124023438e+00
4.725363731384277344e+00
4.740693569183349609e+00
4.700715065002441406e+00
4.849699020385742188e+00
4.740007877349853516e+00
4.761650562286376953e+00
4.699414253234863281e+00
4.699074745178222656e+00
4.714226245880126953e+00
4.693814277648925781e+00
4.737217903137207031e+00
4.756061077117919922e+00
4.805821895599365234e+00
4.759733676910400391e+00
4.673803329467773438e+00
4.845902919769287109e+00
4.815736770629882812e+00
4.674689769744873047e+00
4.677357196807861328e+00
4.718429565429687500e+00
4.781719684600830078e+00
4.703003883361816406e+00
4.709946632385253906e+00
4.723817825317382812e+00
4.710523128509521484e+00
4.725073337554931641e+00
4.652322292327880859e+00
4.752542018890380859e+00
4.709863662719726562e+00
4.659559249877929688e+00
4.738331794738769531e+00
4.728349685668945312e+00
4.688636302947998047e+00
4.722594261169433594e+00
4.668149948120117188e+00
4.741098880767822266e+00
4.752467632293701172e+00
4.752487659454345703e+00
4.673141002655029297e+00
4.728132724761962891e+00
4.665663719177246094e+00
4.742892265319824219e+00
4.734797954559326172e+00
4.803962230682373047e+00
4.682530403137207031e+00
4.740012168884277344e+00
4.766159534454345703e+00
4.727545738220214844e+00
4.764894962310791016e+00
4.732011795043945312e+00
4.778355598449707031e+00
4.762177467346191406e+00
4.790648937225341797e+00
4.811481952667236328e+00
4.707797527313232422e+00
4.773750782012939453e+00
4.757433414459228516e+00
4.674116134643554688e+00
4.612596035003662109e+00
4.729743003845214844e+00
4.751649379730224609e+00
4.690125465393066406e+00
4.708117961883544922e+00
4.747530460357666016e+00
4.682325839996337891e+00
4.742423057556152344e+00
4.737646102905273438e+00
4.615170955657958984e+00
4.711125373840332031e+00
4.766469955444335938e+00
4.711377143859863281e+00
4.782938480377197266e+00
4.718209743499755859e+00
4.721025943756103516e+00
4.726024627685546875e+00
4.692954063415527344e+00
4.707235336303710938e+00
4.745613574981689453e+00
4.784641265869140625e+00
4.756562232971191406e+00
4.715042591094970703e+00
4.694181919097900391e+00
4.738555908203125000e+00
4.742423057556152344e+00
4.719573497772216797e+00
4.695755481719970703e+00
4.731207847595214844e+00
4.692034244537353516e+00
4.725336074829101562e+00
4.712049961090087891e+00
4.726452350616455078e+00
4.719378471374511719e+00
4.803930759429931641e+00
4.754013538360595703e+00
4.779780864715576172e+00
4.732493877410888672e+00
4.724772453308105469e+00
4.774437427520751953e+00
4.735816478729248047e+00
4.751204013824462891e+00
4.774539947509765625e+00
4.718239307403564453e+00
4.696803569793701172e+00
4.703074455261230469e+00
4.790124416351318359e+00
4.717580795288085938e+00
4.759450435638427734e+00
4.671097755432128906e+00
4.624246597290039062e+00
4.689589500427246094e+00
4.791845321655273438e+00
4.691251754760742188e+00
4.772373676300048828e+00
4.649745941162109375e+00
4.725079059600830078e+00
4.711872100830078125e+00
4.701867580413818359e+00
4.655846595764160156e+00
4.745779991149902344e+00
4.696427345275878906e+00
4.691634178161621094e+00
4.776882648468017578e+00
4.716003894805908203e+00
4.748143196105957031e+00
4.736674308776855469e+00
4.686784744262695312e+00
4.715007305145263672e+00
4.719823837280273438e+00
4.711503028869628906e+00
4.754129409790039062e+00
4.668747901916503906e+00
4.740484714508056641e+00
4.698429584503173828e+00
4.784386157989501953e+00
4.770832061767578125e+00
4.774931430816650391e+00
4.679764747619628906e+00
4.720557212829589844e+00
4.668352603912353516e+00
4.690296649932861328e+00
4.726096153259277344e+00
4.673823356628417969e+00
4.715939998626708984e+00
4.767051219940185547e+00
4.768862247467041016e+00
4.698939323425292969e+00
4.745371818542480469e+00
4.687377452850341797e+00
4.729510307312011719e+00
4.730993747711181641e+00
4.782378196716308594e+00
4.726097583770751953e+00
4.730129718780517578e+00
4.736094951629638672e+00
4.763493061065673828e+00
4.710165977478027344e+00
4.719156742095947266e+00
4.713640689849853516e+00
4.692017078399658203e+00
4.741781711578369141e+00
4.716583728790283203e+00
4.684284210205078125e+00
4.772626876831054688e+00
4.760711669921875000e+00
4.761769294738769531e+00
4.745563983917236328e+00
4.739444732666015625e+00
4.696562290191650391e+00
4.748594284057617188e+00
4.739302635192871094e+00
4.714276313781738281e+00
4.742854118347167969e+00
4.748195171356201172e+00
4.701428413391113281e+00
4.802503585815429688e+00
4.695021629333496094e+00
4.714985847473144531e+00
4.724207401275634766e+00
4.731037616729736328e+00
4.780379772186279297e+00
4.750060081481933594e+00
4.778028011322021484e+00
4.743308067321777344e+00
4.652479648590087891e+00
4.736819267272949219e+00
4.710340023040771484e+00
4.792203903198242188e+00
4.687358379364013672e+00
4.715634346008300781e+00
4.805609703063964844e+00
4.693231582641601562e+00
4.712882041931152344e+00
4.674627780914306641e+00
4.756522178649902344e+00
4.774541854858398438e+00
4.706864833831787109e+00
4.737026214599609375e+00
4.719973564147949219e+00
4.723295211791992188e+00
4.687226772308349609e+00
4.700785160064697266e+00
4.690302371978759766e+00
4.763583183288574219e+00
4.695405960083007812e+00
4.762874603271484375e+00
4.766205310821533203e+00
4.695719242095947266e+00
4.720232963562011719e+00
4.738872528076171875e+00
4.702125072479248047e+00
4.735429763793945312e+00
4.717477321624755859e+00
4.762010097503662109e+00
4.762396335601806641e+00
4.699777126312255859e+00
4.752211570739746094e+00
4.826349258422851562e+00
4.708017349243164062e+00
4.708578109741210938e+00
4.795279979705810547e+00
4.777901172637939453e+00
4.704826354980468750e+00
4.736947536468505859e+00
4.716918468475341797e+00
4.728600025177001953e+00
4.714884757995605469e+00
4.719568252563476562e+00
4.726671218872070312e+00
4.774103641510009766e+00
4.724493503570556641e+00
4.667139530181884766e+00
4.744817733764648438e+00
4.685058116912841797e+00
4.766866683959960938e+00
4.737664699554443359e+00
4.664403915405273438e+00
4.692576885223388672e+00
4.750389099121093750e+00
4.696025371551513672e+00
4.747353553771972656e+00
4.729322910308837891e+00
4.676387310028076172e+00
4.691762924194335938e+00
4.656414985656738281e+00
4.671605110168457031e+00
4.681990146636962891e+00
4.714171409606933594e+00
4.725589752197265625e+00
4.721291065216064453e+00
4.629750728607177734e+00
4.702373027801513672e+00
4.734929084777832031e+00
4.702720642089843750e+00
4.717665195465087891e+00
4.719933032989501953e+00
4.719566345214843750e+00
4.736821651458740234e+00
4.681665897369384766e+00
4.789881229400634766e+00
4.757534503936767578e+00
4.742756366729736328e+00
4.682240486145019531e+00
4.779979705810546875e+00
4.704859733581542969e+00
4.717014789581298828e+00
4.608294486999511719e+00
4.801655769348144531e+00
4.701114177703857422e+00
4.683655261993408203e+00
4.733218193054199219e+00
4.759876728057861328e+00
4.748766422271728516e+00
4.690427303314208984e+00
4.662404537200927734e+00
4.728474617004394531e+00
4.774340152740478516e+00
4.707092285156250000e+00
4.765254497528076172e+00
4.760473728179931641e+00
4.707656383514404297e+00
4.782510757446289062e+00
4.735439300537109375e+00
4.670251369476318359e+00
4.761956691741943359e+00
4.716217517852783203e+00
4.753864288330078125e+00
4.749054908752441406e+00
4.684624671936035156e+00
4.840170383453369141e+00
4.760396003723144531e+00
4.757740497589111328e+00
4.785345077514648438e+00
4.778756618499755859e+00
4.672927856445312500e+00
4.721677780151367188e+00
4.684859752655029297e+00
4.680364608764648438e+00
4.710680007934570312e+00
4.747973442077636719e+00
4.691088199615478516e+00
4.682121753692626953e+00
4.727070331573486328e+00
4.731403350830078125e+00
4.694469928741455078e+00
4.707321166992187500e+00
4.665624141693115234e+00
4.782032489776611328e+00
4.718554973602294922e+00
4.741054534912109375e+00
4.776608467102050781e+00
4.749355792999267578e+00
4.709320068359375000e+00
4.686213493347167969e+00
4.666116714477539062e+00
4.748021602630615234e+00
4.741079330444335938e+00
4.698364257812500000e+00
4.807848930358886719e+00
4.700487136840820312e+00
4.744785308837890625e+00
4.701151371002197266e+00
4.730376720428466797e+00
4.727374076843261719e+00
4.774970531463623047e+00
4.683210849761962891e+00
4.678315162658691406e+00
4.745885848999023438e+00
4.733126640319824219e+00
4.695061683654785156e+00
4.738427162170410156e+00
4.745635032653808594e+00
4.766293525695800781e+00
4.683938026428222656e+00
4.694973468780517578e+00
4.717269897460937500e+00
4.677496433258056641e+00
4.723061084747314453e+00
4.716213226318359375e+00
4.793832302093505859e+00
4.760035514831542969e+00
4.772937774658203125e+00
4.751653194427490234e+00
4.719789505004882812e+00
4.726423263549804688e+00
4.751285076141357422e+00
4.721925258636474609e+00
4.719721317291259766e+00
4.732140541076660156e+00
4.735542774200439453e+00
4.737697124481201172e+00
4.689936637878417969e+00
4.764152526855468750e+00
4.603925704956054688e+00
4.801158428192138672e+00
4.766046524047851562e+00
4.673683166503906250e+00
4.746153831481933594e+00
4.721062660217285156e+00
4.724018573760986328e+00
4.594457149505615234e+00
4.745981693267822266e+00
4.778513908386230469e+00
4.713040351867675781e+00
4.772762298583984375e+00
4.708098888397216797e+00
4.745676040649414062e+00
4.687300205230712891e+00
4.719275474548339844e+00
4.669593334197998047e+00
4.665884494781494141e+00
4.760660171508789062e+00
4.766000270843505859e+00
4.783428192138671875e+00
4.723776817321777344e+00
4.793857097625732422e+00
4.710521221160888672e+00
4.728009223937988281e+00
4.692486286163330078e+00
4.735413074493408203e+00
4.704243659973144531e+00
4.703473091125488281e+00
4.732133865356445312e+00
4.758812904357910156e+00
4.752582073211669922e+00
4.793001651763916016e+00
4.718366622924804688e+00
4.724007129669189453e+00
4.706967353820800781e+00
4.680799484252929688e+00
4.685976982116699219e+00
4.823215961456298828e+00
4.690724372863769531e+00
4.745431900024414062e+00
4.740890026092529297e+00
4.700196266174316406e+00
4.755398750305175781e+00
4.714840412139892578e+00
4.690081119537353516e+00
4.633425712585449219e+00
4.807277679443359375e+00
4.752396583557128906e+00
4.722578525543212891e+00
4.711007595062255859e+00
4.657628536224365234e+00
4.769821166992187500e+00
4.740674018859863281e+00
4.753057479858398438e+00
4.695633888244628906e+00
4.736171722412109375e+00
4.809381961822509766e+00
4.683890819549560547e+00
4.816559314727783203e+00
4.684144973754882812e+00
4.734762668609619141e+00
4.743506908416748047e+00
4.739657878875732422e+00
4.647080898284912109e+00
4.770413875579833984e+00
4.708651542663574219e+00
4.677104473114013672e+00
4.715729713439941406e+00
4.766406536102294922e+00
4.709012508392333984e+00
4.735460281372070312e+00
4.619343757629394531e+00
4.696707725524902344e+00
4.756729602813720703e+00
4.778007507324218750e+00
4.688793182373046875e+00
4.709573745727539062e+00
4.804722309112548828e+00
4.712841987609863281e+00
4.679969787597656250e+00
4.770462036132812500e+00
4.729064941406250000e+00
4.742813587188720703e+00
4.718805313110351562e+00
4.797217845916748047e+00
4.752641677856445312e+00
4.749115943908691406e+00
4.827433109283447266e+00
4.725333213806152344e+00
4.763338565826416016e+00
4.644849300384521484e+00
4.730942249298095703e+00
4.666851043701171875e+00
4.739866256713867188e+00
4.842177867889404297e+00
4.787433147430419922e+00
4.743925571441650391e+00
4.669984340667724609e+00
4.798317432403564453e+00
4.681938171386718750e+00
4.706415176391601562e+00
4.723294734954833984e+00
4.767910957336425781e+00
4.652103424072265625e+00
4.758747577667236328e+00
4.682255268096923828e+00
4.716684341430664062e+00
4.685675144195556641e+00
4.813166618347167969e+00
4.664063930511474609e+00
4.722518444061279297e+00
4.675339698791503906e+00
4.784709930419921875e+00
4.692597866058349609e+00
4.738628387451171875e+00
4.756035327911376953e+00
4.781648635864257812e+00
4.670698642730712891e+00
4.745274066925048828e+00
4.797742843627929688e+00
4.764310359954833984e+00
4.750987529754638672e+00
4.702807426452636719e+00
4.671946048736572266e+00
4.699491500854492188e+00
4.720985412597656250e+00
4.736100673675537109e+00
4.660706520080566406e+00
4.819731712341308594e+00
4.678786277770996094e+00
4.758670806884765625e+00
4.730090618133544922e+00
4.751047134399414062e+00
4.715801715850830078e+00
4.666967391967773438e+00
4.747081756591796875e+00
4.770249366760253906e+00
4.673020839691162109e+00
4.746811389923095703e+00
4.711014747619628906e+00
4.734033107757568359e+00
4.749847412109375000e+00
4.746574401855468750e+00
4.784649848937988281e+00
4.748878002166748047e+00
4.730835914611816406e+00
4.695207118988037109e+00
4.706185340881347656e+00
4.711230278015136719e+00
4.660135269165039062e+00
4.710474491119384766e+00
4.968777179718017578e+00
4.721874713897705078e+00
4.688359737396240234e+00
4.722600460052490234e+00
4.737715721130371094e+00
4.754628181457519531e+00
4.681263446807861328e+00
4.614179611206054688e+00
4.752163887023925781e+00
4.661391258239746094e+00
4.711205005645751953e+00
4.715115547180175781e+00
4.717897891998291016e+00
4.730095386505126953e+00
4.814031600952148438e+00
4.763659954071044922e+00
4.623022079467773438e+00
4.745131492614746094e+00
4.762959957122802734e+00
4.766878128051757812e+00
4.684466838836669922e+00
4.758923530578613281e+00
4.604953765869140625e+00
4.843454837799072266e+00
4.714193820953369141e+00
4.660210132598876953e+00
4.767531394958496094e+00
4.699317932128906250e+00
4.684291839599609375e+00
4.663461685180664062e+00
4.752753734588623047e+00
4.679385185241699219e+00
4.877190589904785156e+00
4.659706592559814453e+00
4.748064994812011719e+00
4.691415786743164062e+00
4.744208335876464844e+00
4.635125160217285156e+00
4.737975597381591797e+00
4.712266921997070312e+00
4.619107723236083984e+00
4.793692111968994141e+00
4.647260189056396484e+00
4.749186992645263672e+00
4.747344493865966797e+00
4.777675628662109375e+00
4.743867397308349609e+00
4.766322612762451172e+00
4.748833179473876953e+00
4.752072811126708984e+00
4.732494831085205078e+00
4.711997985839843750e+00
4.721508979797363281e+00
4.697258949279785156e+00
4.706084728240966797e+00
4.716737747192382812e+00
4.746374130249023438e+00
4.778722763061523438e+00
4.782478809356689453e+00
4.684072494506835938e+00
4.777102470397949219e+00
4.768111228942871094e+00
4.730667114257812500e+00
4.650966644287109375e+00
4.735315799713134766e+00
4.787103176116943359e+00
4.802007198333740234e+00
4.652444839477539062e+00
4.795377731323242188e+00
4.700443267822265625e+00
4.700011253356933594e+00
4.730000019073486328e+00
4.729324817657470703e+00
4.675617694854736328e+00
4.694031238555908203e+00
4.737244129180908203e+00
4.709257602691650391e+00
4.642841339111328125e+00
4.747630596160888672e+00
4.808290958404541016e+00
4.819677352905273438e+00
4.681203365325927734e+00
4.788221836090087891e+00
4.720155239105224609e+00
4.717265129089355469e+00
4.763818740844726562e+00
4.757198810577392578e+00
4.760522365570068359e+00
4.715658664703369141e+00
4.718881130218505859e+00
4.676208019256591797e+00
4.794690132141113281e+00
4.766104221343994141e+00
4.708829879760742188e+00
4.646472930908203125e+00
4.677056312561035156e+00
4.826823234558105469e+00
4.721252918243408203e+00
4.716312885284423828e+00
4.737823486328125000e+00
4.644808292388916016e+00
4.740737915039062500e+00
4.673784732818603516e+00
4.737216949462890625e+00
4.802397251129150391e+00
4.788481235504150391e+00
4.675432682037353516e+00
4.756673336029052734e+00
4.742961406707763672e+00
4.753689289093017578e+00
4.758355617523193359e+00
4.745012283325195312e+00
4.716911315917968750e+00
4.678086280822753906e+00
4.665039539337158203e+00
4.723432540893554688e+00
4.756669521331787109e+00
4.742010116577148438e+00
4.652184963226318359e+00
4.713465690612792969e+00
4.783655166625976562e+00
4.665460109710693359e+00
4.753751277923583984e+00
4.700206756591796875e+00
4.755081653594970703e+00
4.783474445343017578e+00
4.721036911010742188e+00
4.715875625610351562e+00
4.722016811370849609e+00
4.729709625244140625e+00
4.761289119720458984e+00
4.713386535644531250e+00
4.732981681823730469e+00
4.735146045684814453e+00
4.669278144836425781e+00
4.813667774200439453e+00
4.655673027038574219e+00
4.784384727478027344e+00
4.710304737091064453e+00
4.800024509429931641e+00
4.701285362243652344e+00
4.778772354125976562e+00
4.687645435333251953e+00
4.690886020660400391e+00
4.795558452606201172e+00
4.649241447448730469e+00
4.740881919860839844e+00
4.725583076477050781e+00
4.683678627014160156e+00
4.599885940551757812e+00
4.732913970947265625e+00
4.694292545318603516e+00
4.809886932373046875e+00
4.655957221984863281e+00
4.768327236175537109e+00
4.739870071411132812e+00
4.676503181457519531e+00
4.769808769226074219e+00
4.684741973876953125e+00
4.666950702667236328e+00
4.699640274047851562e+00
4.792554378509521484e+00
4.687720298767089844e+00
4.732032775878906250e+00
4.789762496948242188e+00
4.722605705261230469e+00
4.683641433715820312e+00
4.713356494903564453e+00
4.670700550079345703e+00
4.726357936859130859e+00
4.724951744079589844e+00
4.705898284912109375e+00
4.719653606414794922e+00
4.749826908111572266e+00
4.726319789886474609e+00
4.752953529357910156e+00
4.716599941253662109e+00
4.679138660430908203e+00
4.725641727447509766e+00
4.746542453765869141e+00
4.724888324737548828e+00
4.759593009948730469e+00
4.741304397583007812e+00
4.792092323303222656e+00
4.582371234893798828e+00
4.749188899993896484e+00
4.700173854827880859e+00
4.740262985229492188e+00
4.731476306915283203e+00
4.719449520111083984e+00
4.675242424011230469e+00
4.704577445983886719e+00
4.698554039001464844e+00
4.711912631988525391e+00
4.762139320373535156e+00
4.743764877319335938e+00
4.700360298156738281e+00
4.839411258697509766e+00
4.675727367401123047e+00
4.764558315277099609e+00
4.695902347564697266e+00
4.749326705932617188e+00
4.739258766174316406e+00
4.717270374298095703e+00
4.695559501647949219e+00
4.725811481475830078e+00
4.691621303558349609e+00
4.732983589172363281e+00
4.726730823516845703e+00
4.819398403167724609e+00
4.628463745117187500e+00
4.784932136535644531e+00
4.763338565826416016e+00
4.714499473571777344e+00
4.714983463287353516e+00
4.709611892700195312e+00
4.719760894775390625e+00
4.686726093292236328e+00
4.741921901702880859e+00
4.795486450195312500e+00
4.730268478393554688e+00
4.778405666351318359e+00
4.606715679168701172e+00
4.736268043518066406e+00
4.746417045593261719e+00
4.725503444671630859e+00
4.718939781188964844e+00
4.714979648590087891e+00
4.767735958099365234e+00
4.744347572326660156e+00
4.740390300750732422e+00
4.713057518005371094e+00
4.722338199615478516e+00
4.614738464355468750e+00
4.769771575927734375e+00
4.703488349914550781e+00
4.699272632598876953e+00
4.865280151367187500e+00
4.628473281860351562e+00
4.798191547393798828e+00
4.774433612823486328e+00
4.774475574493408203e+00
4.712497711181640625e+00
4.737858772277832031e+00
4.783491134643554688e+00
4.832146644592285156e+00
4.713554859161376953e+00
4.667004585266113281e+00
4.780532360076904297e+00
4.762254714965820312e+00
4.696588039398193359e+00
4.711063861846923828e+00
4.718383789062500000e+00
4.792499542236328125e+00
4.706037044525146484e+00
4.754747867584228516e+00
4.767750263214111328e+00
4.730328083038330078e+00
4.761056423187255859e+00
4.807518005371093750e+00
4.688114643096923828e+00
4.739164829254150391e+00
4.661685466766357422e+00
4.694382190704345703e+00
4.746016025543212891e+00
4.735716819763183594e+00
4.802673816680908203e+00
4.753224849700927734e+00
4.740056037902832031e+00
4.749346256256103516e+00
4.728299617767333984e+00
4.621711730957031250e+00
4.730454921722412109e+00
4.738644123077392578e+00
4.728979587554931641e+00
4.747987747192382812e+00
4.772006511688232422e+00
4.685710430145263672e+00
4.742255687713623047e+00
4.716576099395751953e+00
4.760043144226074219e+00
4.727609634399414062e+00
4.716803550720214844e+00
4.737205028533935547e+00
4.688821792602539062e+00
4.703868389129638672e+00
4.742408752441406250e+00
4.710224628448486328e+00
4.693203926086425781e+00
4.714934349060058594e+00
4.789568901062011719e+00
4.762481212615966797e+00
4.707609653472900391e+00
4.768994331359863281e+00
4.701240539550781250e+00
4.770154476165771484e+00
4.691655158996582031e+00
4.745042800903320312e+00
4.705742835998535156e+00
4.705821037292480469e+00
4.725216865539550781e+00
4.798588752746582031e+00
4.712966918945312500e+00
4.730024814605712891e+00
4.696915149688720703e+00
4.683822631835937500e+00
4.732213973999023438e+00
4.696831226348876953e+00
4.776902198791503906e+00
4.798094749450683594e+00
4.762045860290527344e+00
4.765258312225341797e+00
4.751169204711914062e+00
4.763072490692138672e+00
4.795958995819091797e+00
4.625680923461914062e+00
4.746776580810546875e+00
4.746466636657714844e+00
4.667529582977294922e+00
4.760637283325195312e+00
4.717238903045654297e+00
4.824617862701416016e+00
4.723369121551513672e+00
4.753052234649658203e+00
4.776952743530273438e+00
4.717854976654052734e+00
4.692484855651855469e+00
4.731004238128662109e+00
4.651012897491455078e+00
4.800482749938964844e+00
4.645828723907470703e+00
