4.664143085479736328e+00
4.666726589202880859e+00
4.604556083679199219e+00
4.658249855041503906e+00
4.643853664398193359e+00
4.598062992095947266e+00
4.613056182861328125e+00
4.642864227294921875e+00
4.634083271026611328e+00
4.657915592193603516e+00
4.660371780395507812e+00
4.476863861083984375e+00
4.632105827331542969e+00
4.591339111328125000e+00
4.668835639953613281e+00
4.636009216308593750e+00
4.622473716735839844e+00
4.612659454345703125e+00
4.649281501770019531e+00
4.679235458374023438e+00
4.603723526000976562e+00
4.637599468231201172e+00
4.629713058471679688e+00
4.623355865478515625e+00
4.634805679321289062e+00
4.608532428741455078e+00
4.654888153076171875e+00
4.635344505310058594e+00
4.662416458129882812e+00
4.645487785339355469e+00
4.666917324066162109e+00
4.687035083770751953e+00
4.639381408691406250e+00
4.653103828430175781e+00
4.627514839172363281e+00
4.630563735961914062e+00
4.606853485107421875e+00
4.632650852203369141e+00
4.653414726257324219e+00
4.608932018280029297e+00
4.651175975799560547e+00
4.643386363983154297e+00
4.664510726928710938e+00
4.649026393890380859e+00
4.640020847320556641e+00
4.610831260681152344e+00
4.657607078552246094e+00
4.626626968383789062e+00
4.420904636383056641e+00
4.700284957885742188e+00
4.631468296051025391e+00
4.626649856567382812e+00
4.638326644897460938e+00
4.607956886291503906e+00
4.656951427459716797e+00
4.652717113494873047e+00
4.670569419860839844e+00
4.643049716949462891e+00
4.661117553710937500e+00
4.642906665802001953e+00
4.651354312896728516e+00
4.596027851104736328e+00
4.643198490142822266e+00
4.658440113067626953e+00
4.611588001251220703e+00
4.669691085815429688e+00
4.615836143493652344e+00
4.625956058502197266e+00
4.613245010375976562e+00
4.626539230346679688e+00
4.643939018249511719e+00
4.633991718292236328e+00
4.609835147857666016e+00
4.642448902130126953e+00
4.657945632934570312e+00
4.638618469238281250e+00
4.665349483489990234e+00
4.650893211364746094e+00
4.630821704864501953e+00
4.638068199157714844e+00
4.655815124511718750e+00
4.648170948028564453e+00
4.635069370269775391e+00
4.665114402770996094e+00
4.618762016296386719e+00
4.485825061798095703e+00
4.671781539916992188e+00
4.646837711334228516e+00
4.646986961364746094e+00
4.635559558868408203e+00
4.668964862823486328e+00
4.626132488250732422e+00
4.627368927001953125e+00
4.660766124725341797e+00
4.646324634552001953e+00
4.646930217742919922e+00
4.689023971557617188e+00
4.651287078857421875e+00
4.600388526916503906e+00
4.619143009185791016e+00
4.665676593780517578e+00
4.630248069763183594e+00
4.665821075439453125e+00
4.616040706634521484e+00
4.665128231048583984e+00
4.644388675689697266e+00
4.597155570983886719e+00
4.644292354583740234e+00
4.640484809875488281e+00
4.665927886962890625e+00
4.614146232604980469e+00
4.656034469604492188e+00
4.687618255615234375e+00
4.596929073333740234e+00
4.634715557098388672e+00
4.631037235260009766e+00
4.653352260589599609e+00
4.643595218658447266e+00
4.680395126342773438e+00
4.641804695129394531e+00
4.676539897918701172e+00
4.640079975128173828e+00
4.444606304168701172e+00
4.696641445159912109e+00
4.657517910003662109e+00
4.637702941894531250e+00
4.664024353027343750e+00
4.670846462249755859e+00
4.645390510559082031e+00
4.662336826324462891e+00
4.651543617248535156e+00
4.645308971405029297e+00
4.675639629364013672e+00
4.589900493621826172e+00
4.603991985321044922e+00
4.659265518188476562e+00
4.598647594451904297e+00
4.673589229583740234e+00
4.610550403594970703e+00
4.659028530120849609e+00
4.669643402099609375e+00
4.624746322631835938e+00
4.594843387603759766e+00
4.579427719116210938e+00
4.650912761688232422e+00
4.653199672698974609e+00
4.627857208251953125e+00
4.616690158843994141e+00
4.676225662231445312e+00
4.693748474121093750e+00
4.584774017333984375e+00
4.646025657653808594e+00
4.659133434295654297e+00
4.648260116577148438e+00
4.663697719573974609e+00
4.647624492645263672e+00
4.601893901824951172e+00
4.668566703796386719e+00
4.581634044647216797e+00
4.492741584777832031e+00
4.650424957275390625e+00
4.614503860473632812e+00
4.642646789550781250e+00
4.622085094451904297e+00
4.633071422576904297e+00
4.621149539947509766e+00
4.649553775787353516e+00
4.648683071136474609e+00
4.622321605682373047e+00
4.664189338684082031e+00
4.656517028808593750e+00
4.629203319549560547e+00
4.635578155517578125e+00
4.673918724060058594e+00
4.641478538513183594e+00
4.624710559844970703e+00
4.621458530426025391e+00
4.635581493377685547e+00
4.663784503936767578e+00
4.632247924804687500e+00
4.624534606933593750e+00
4.630606651306152344e+00
4.644746303558349609e+00
4.642480850219726562e+00
4.658018589019775391e+00
4.611190795898437500e+00
4.670615196228027344e+00
4.626592159271240234e+00
4.605834007263183594e+00
4.620476245880126953e+00
4.656438350677490234e+00
4.667002677917480469e+00
4.648456096649169922e+00
4.628410339355468750e+00
4.635933399200439453e+00
4.640407562255859375e+00
4.477638244628906250e+00
4.676765441894531250e+00
4.618165969848632812e+00
4.691981315612792969e+00
4.613003253936767578e+00
4.629183769226074219e+00
4.636058807373046875e+00
4.679073333740234375e+00
4.589673519134521484e+00
4.645297050476074219e+00
4.667641639709472656e+00
4.585231781005859375e+00
4.598087310791015625e+00
4.635093688964843750e+00
4.629445075988769531e+00
4.629802703857421875e+00
4.652909278869628906e+00
4.644550800323486328e+00
4.612338542938232422e+00
4.638517856597900391e+00
4.628828048706054688e+00
4.607717514038085938e+00
4.653553962707519531e+00
4.636042594909667969e+00
4.622578620910644531e+00
4.632952690124511719e+00
4.644631862640380859e+00
4.696189880371093750e+00
4.593751430511474609e+00
4.632905483245849609e+00
4.632149696350097656e+00
4.685192108154296875e+00
4.609418392181396484e+00
4.680375576019287109e+00
4.566096305847167969e+00
4.681817054748535156e+00
4.644274711608886719e+00
4.462923526763916016e+00
4.625804901123046875e+00
4.638895511627197266e+00
4.667395591735839844e+00
4.660672187805175781e+00
4.649271965026855469e+00
4.628005504608154297e+00
4.663998603820800781e+00
4.646382808685302734e+00
4.642601490020751953e+00
4.630523204803466797e+00
4.642490386962890625e+00
4.591497898101806641e+00
4.673707962036132812e+00
4.638581752777099609e+00
4.626506328582763672e+00
4.627354145050048828e+00
4.633531093597412109e+00
4.648070335388183594e+00
4.649855613708496094e+00
4.621425151824951172e+00
4.621467590332031250e+00
4.611175060272216797e+00
4.620974540710449219e+00
4.647722721099853516e+00
4.604806900024414062e+00
4.615117073059082031e+00
4.647136688232421875e+00
4.623562335968017578e+00
4.640822887420654297e+00
4.632744789123535156e+00
4.660044670104980469e+00
4.636625766754150391e+00
4.659475803375244141e+00
4.617747306823730469e+00
4.623998641967773438e+00
4.643470764160156250e+00
4.551915168762207031e+00
4.668511390686035156e+00
4.605822086334228516e+00
4.615377426147460938e+00
4.642894268035888672e+00
4.626590728759765625e+00
4.653015136718750000e+00
4.619875431060791016e+00
4.635067939758300781e+00
4.683932781219482422e+00
4.669515609741210938e+00
4.639378070831298828e+00
4.670540332794189453e+00
4.676866531372070312e+00
4.626040458679199219e+00
4.637973308563232422e+00
4.630402565002441406e+00
4.652797222137451172e+00
4.637679100036621094e+00
4.643301963806152344e+00
4.615725994110107422e+00
4.622026920318603516e+00
4.651880264282226562e+00
4.636096954345703125e+00
4.606798648834228516e+00
4.588509559631347656e+00
4.628762245178222656e+00
4.668129920959472656e+00
4.659776687622070312e+00
4.605056285858154297e+00
4.600409984588623047e+00
4.621810436248779297e+00
4.580194950103759766e+00
4.642152786254882812e+00
4.659258842468261719e+00
4.617056846618652344e+00
4.618272304534912109e+00
4.509902954101562500e+00
4.657830238342285156e+00
4.609725475311279297e+00
4.627949237823486328e+00
4.626177310943603516e+00
4.605524063110351562e+00
4.623780250549316406e+00
4.636797904968261719e+00
4.645394802093505859e+00
4.652053833007812500e+00
4.631644248962402344e+00
4.686922073364257812e+00
4.637588977813720703e+00
4.636676788330078125e+00
4.630057334899902344e+00
4.665407180786132812e+00
4.686477184295654297e+00
4.646745204925537109e+00
4.652729988098144531e+00
4.639268875122070312e+00
4.625898361206054688e+00
4.612546443939208984e+00
4.687304496765136719e+00
4.627335071563720703e+00
4.651296615600585938e+00
4.617941379547119141e+00
4.632518291473388672e+00
4.682316303253173828e+00
4.641932010650634766e+00
4.633825778961181641e+00
4.653668403625488281e+00
4.631862163543701172e+00
4.662249565124511719e+00
4.640825271606445312e+00
4.642028331756591797e+00
4.627976894378662109e+00
4.618029594421386719e+00
4.500780582427978516e+00
4.646079540252685547e+00
4.616736888885498047e+00
4.636433601379394531e+00
4.661164283752441406e+00
4.679647445678710938e+00
4.665670394897460938e+00
4.632677078247070312e+00
4.659180641174316406e+00
4.639443874359130859e+00
4.644400596618652344e+00
4.622498989105224609e+00
4.644837379455566406e+00
4.630447387695312500e+00
4.614844799041748047e+00
4.662403583526611328e+00
4.606716632843017578e+00
4.625894546508789062e+00
4.638616561889648438e+00
4.678260803222656250e+00
4.639145851135253906e+00
4.610858440399169922e+00
4.607262611389160156e+00
4.635638236999511719e+00
4.634699821472167969e+00
4.634717464447021484e+00
4.652690410614013672e+00
4.663561344146728516e+00
4.660277843475341797e+00
4.630208015441894531e+00
4.611115455627441406e+00
4.629507064819335938e+00
4.679049968719482422e+00
4.657682418823242188e+00
4.660140037536621094e+00
4.663300037384033203e+00
4.602209091186523438e+00
4.441192626953125000e+00
4.646517276763916016e+00
4.614235401153564453e+00
4.617483615875244141e+00
4.656744956970214844e+00
4.661999225616455078e+00
4.620230197906494141e+00
4.700547695159912109e+00
4.641667366027832031e+00
4.617249488830566406e+00
4.653261661529541016e+00
4.644341468811035156e+00
4.676921367645263672e+00
4.669806480407714844e+00
4.628146648406982422e+00
4.601863384246826172e+00
4.609105587005615234e+00
4.657397747039794922e+00
4.623158454895019531e+00
4.608980655670166016e+00
4.640594959259033203e+00
4.606854915618896484e+00
4.659816741943359375e+00
4.672808647155761719e+00
4.603757381439208984e+00
4.596212387084960938e+00
4.619378089904785156e+00
4.693980693817138672e+00
4.643854618072509766e+00
4.703929424285888672e+00
4.589462280273437500e+00
4.643251895904541016e+00
4.649859428405761719e+00
4.680796623229980469e+00
4.628301620483398438e+00
4.656455516815185547e+00
4.627565383911132812e+00
4.477912902832031250e+00
4.679099559783935547e+00
4.627761840820312500e+00
4.604082584381103516e+00
4.647806644439697266e+00
4.626240253448486328e+00
4.692895412445068359e+00
4.606571674346923828e+00
4.673840522766113281e+00
4.594733715057373047e+00
4.649316787719726562e+00
4.656379222869873047e+00
4.651460170745849609e+00
4.632373809814453125e+00
4.629214763641357422e+00
4.606892108917236328e+00
4.593315124511718750e+00
4.640361309051513672e+00
4.637185573577880859e+00
4.614850521087646484e+00
4.637135505676269531e+00
4.644524574279785156e+00
4.622156143188476562e+00
4.678253173828125000e+00
4.620612621307373047e+00
4.601800918579101562e+00
4.683466911315917969e+00
4.647139549255371094e+00
4.663990497589111328e+00
4.643774986267089844e+00
4.697594642639160156e+00
4.638436317443847656e+00
4.644679546356201172e+00
4.597200393676757812e+00
4.658945083618164062e+00
4.633910655975341797e+00
4.628100395202636719e+00
4.446297168731689453e+00
4.642439365386962891e+00
4.672253131866455078e+00
4.631228446960449219e+00
4.697160720825195312e+00
4.624598026275634766e+00
4.609620094299316406e+00
4.623669624328613281e+00
4.612576484680175781e+00
4.637825965881347656e+00
4.618092536926269531e+00
4.648844242095947266e+00
4.638172149658203125e+00
4.665993213653564453e+00
4.617980480194091797e+00
4.641655921936035156e+00
4.651702880859375000e+00
4.637084484100341797e+00
4.663426876068115234e+00
4.636593818664550781e+00
4.629515171051025391e+00
4.669527530670166016e+00
4.640137672424316406e+00
4.633834362030029297e+00
4.658474445343017578e+00
4.619106292724609375e+00
4.621954441070556641e+00
4.646416187286376953e+00
4.616187095642089844e+00
4.671235561370849609e+00
4.667540550231933594e+00
4.629128456115722656e+00
4.649441719055175781e+00
4.663444042205810547e+00
4.688239097595214844e+00
4.687089920043945312e+00
4.617634296417236328e+00
4.497284889221191406e+00
4.671656608581542969e+00
4.655989170074462891e+00
4.661197662353515625e+00
4.627628326416015625e+00
4.665996551513671875e+00
4.662664413452148438e+00
4.636909961700439453e+00
4.654424667358398438e+00
4.633275985717773438e+00
4.609123229980468750e+00
4.688230514526367188e+00
4.631256103515625000e+00
4.638652324676513672e+00
4.632043838500976562e+00
4.663775920867919922e+00
4.626179218292236328e+00
4.598474025726318359e+00
4.619530677795410156e+00
4.587410926818847656e+00
4.633549690246582031e+00
4.593194484710693359e+00
4.615417957305908203e+00
4.608090877532958984e+00
4.663677215576171875e+00
4.602103233337402344e+00
4.630901813507080078e+00
4.672840118408203125e+00
4.622296810150146484e+00
4.653388977050781250e+00
4.642373561859130859e+00
4.625241756439208984e+00
4.659881114959716797e+00
4.664170742034912109e+00
4.648436069488525391e+00
4.673971176147460938e+00
4.649067878723144531e+00
4.528280258178710938e+00
4.668373107910156250e+00
4.622707366943359375e+00
4.657243728637695312e+00
4.645763397216796875e+00
4.630381584167480469e+00
4.631560802459716797e+00
4.653795719146728516e+00
4.713071346282958984e+00
4.616028308868408203e+00
4.606153488159179688e+00
4.633826732635498047e+00
4.667671203613281250e+00
4.640611171722412109e+00
4.599746227264404297e+00
4.666526317596435547e+00
4.615195274353027344e+00
4.644775390625000000e+00
4.650171279907226562e+00
4.662982940673828125e+00
4.654747962951660156e+00
4.656732082366943359e+00
4.620245933532714844e+00
4.611055374145507812e+00
4.659932613372802734e+00
4.643748283386230469e+00
4.654447078704833984e+00
4.611483097076416016e+00
4.648519039154052734e+00
4.670642852783203125e+00
4.637049198150634766e+00
4.621246337890625000e+00
4.650605201721191406e+00
4.664129734039306641e+00
4.649595260620117188e+00
4.657154560089111328e+00
4.643604755401611328e+00
4.449772834777832031e+00
4.667464256286621094e+00
4.631952285766601562e+00
4.659607410430908203e+00
4.611346244812011719e+00
4.637699604034423828e+00
4.585518836975097656e+00
4.629828929901123047e+00
4.674059391021728516e+00
4.669811248779296875e+00
4.638602256774902344e+00
4.652061939239501953e+00
4.618822097778320312e+00
4.608596324920654297e+00
4.611272811889648438e+00
4.655970096588134766e+00
4.635695457458496094e+00
4.653253078460693359e+00
4.676273822784423828e+00
4.665602684020996094e+00
4.639182090759277344e+00
4.630706310272216797e+00
4.620882987976074219e+00
4.641139507293701172e+00
4.627213954925537109e+00
4.594839096069335938e+00
4.634275436401367188e+00
4.663489341735839844e+00
4.634787082672119141e+00
4.673919677734375000e+00
4.658472061157226562e+00
4.701737403869628906e+00
4.627199172973632812e+00
4.640148639678955078e+00
4.674020290374755859e+00
4.660745620727539062e+00
4.653152465820312500e+00
4.473990440368652344e+00
4.637011528015136719e+00
4.626158237457275391e+00
4.635685920715332031e+00
4.660316944122314453e+00
4.680925369262695312e+00
4.660757064819335938e+00
4.641887664794921875e+00
4.660320758819580078e+00
4.652351379394531250e+00
4.627921104431152344e+00
4.607877254486083984e+00
4.626747608184814453e+00
4.669403076171875000e+00
4.598719596862792969e+00
4.644783496856689453e+00
4.653118610382080078e+00
4.626314163208007812e+00
4.623587608337402344e+00
4.658154487609863281e+00
4.647634983062744141e+00
4.692347526550292969e+00
4.641002655029296875e+00
4.634558677673339844e+00
4.641119480133056641e+00
4.625039577484130859e+00
4.642407417297363281e+00
4.656194686889648438e+00
4.627784729003906250e+00
4.611182689666748047e+00
4.571805477142333984e+00
4.664089202880859375e+00
4.644558906555175781e+00
4.663142681121826172e+00
4.606349945068359375e+00
4.672645092010498047e+00
4.570919513702392578e+00
4.470755100250244141e+00
4.691092491149902344e+00
4.626002311706542969e+00
4.654961109161376953e+00
4.647743225097656250e+00
4.629129409790039062e+00
4.608385562896728516e+00
4.651282310485839844e+00
4.638783931732177734e+00
4.666962623596191406e+00
4.662579059600830078e+00
4.668799400329589844e+00
4.596796035766601562e+00
4.652520656585693359e+00
4.613381385803222656e+00
4.659679412841796875e+00
4.632858753204345703e+00
4.598174095153808594e+00
4.641669750213623047e+00
4.633592128753662109e+00
4.578090667724609375e+00
4.629733085632324219e+00
4.638854503631591797e+00
4.637646675109863281e+00
4.620492935180664062e+00
4.636432647705078125e+00
4.628552436828613281e+00
4.634675979614257812e+00
4.638363361358642578e+00
4.619186401367187500e+00
4.578619480133056641e+00
4.614655971527099609e+00
4.625605106353759766e+00
4.667726993560791016e+00
4.624044895172119141e+00
4.674606800079345703e+00
4.614467620849609375e+00
4.531159877777099609e+00
4.689398288726806641e+00
4.602102279663085938e+00
4.610095977783203125e+00
4.675724029541015625e+00
4.642200946807861328e+00
4.681581974029541016e+00
4.646748065948486328e+00
4.655546665191650391e+00
4.656049251556396484e+00
4.671905994415283203e+00
4.629695415496826172e+00
4.628383636474609375e+00
4.642367362976074219e+00
4.637220382690429688e+00
4.637019634246826172e+00
4.659406185150146484e+00
4.620503902435302734e+00
4.633208274841308594e+00
4.599447250366210938e+00
4.640422344207763672e+00
4.580762386322021484e+00
4.644890308380126953e+00
4.627257347106933594e+00
4.648447036743164062e+00
4.610567569732666016e+00
4.654013156890869141e+00
4.673375129699707031e+00
4.641357898712158203e+00
4.661557197570800781e+00
4.622709274291992188e+00
4.638388633728027344e+00
4.656761646270751953e+00
4.651117801666259766e+00
4.622004032135009766e+00
4.619921207427978516e+00
4.645362854003906250e+00
4.538972377777099609e+00
4.653340816497802734e+00
4.665959358215332031e+00
4.618781566619873047e+00
4.659349441528320312e+00
4.632462024688720703e+00
4.664896965026855469e+00
4.598549842834472656e+00
4.621326923370361328e+00
4.634640216827392578e+00
4.662121295928955078e+00
4.653410911560058594e+00
4.606137275695800781e+00
4.672020912170410156e+00
4.608401775360107422e+00
4.654014110565185547e+00
4.601693153381347656e+00
4.654479980468750000e+00
4.605643272399902344e+00
4.650938987731933594e+00
4.642822265625000000e+00
4.587169647216796875e+00
4.639133930206298828e+00
4.584180831909179688e+00
4.641320228576660156e+00
4.613096237182617188e+00
4.638120174407958984e+00
4.689070224761962891e+00
4.622261047363281250e+00
4.639450073242187500e+00
4.633256435394287109e+00
4.630947113037109375e+00
4.677189350128173828e+00
4.618561744689941406e+00
4.644048690795898438e+00
4.646959781646728516e+00
4.638113975524902344e+00
4.480684280395507812e+00
4.630050659179687500e+00
4.662131309509277344e+00
4.663171291351318359e+00
4.706172943115234375e+00
4.625231742858886719e+00
4.590883731842041016e+00
4.646396160125732422e+00
4.662045001983642578e+00
4.631435394287109375e+00
4.681296348571777344e+00
4.617916107177734375e+00
4.590058803558349609e+00
4.643207550048828125e+00
4.664233207702636719e+00
4.633046150207519531e+00
4.595012664794921875e+00
4.658195495605468750e+00
4.616512775421142578e+00
4.634537696838378906e+00
4.634945392608642578e+00
4.584626674652099609e+00
4.591263771057128906e+00
4.615299224853515625e+00
4.637730121612548828e+00
4.627475738525390625e+00
4.652527332305908203e+00
4.658860683441162109e+00
4.619878768920898438e+00
4.608937740325927734e+00
4.677963256835937500e+00
4.643512725830078125e+00
4.702644348144531250e+00
4.679592609405517578e+00
4.647209167480468750e+00
4.612736225128173828e+00
4.640346527099609375e+00
4.445041179656982422e+00
4.679389476776123047e+00
4.609022617340087891e+00
4.671632766723632812e+00
4.636751651763916016e+00
4.678567409515380859e+00
4.651355743408203125e+00
4.678324222564697266e+00
4.618257999420166016e+00
4.664181232452392578e+00
4.673819541931152344e+00
4.620705604553222656e+00
4.649998664855957031e+00
4.606492519378662109e+00
4.629548549652099609e+00
4.599583625793457031e+00
4.631092548370361328e+00
4.634579658508300781e+00
4.645909309387207031e+00
4.580128192901611328e+00
4.594368934631347656e+00
4.682512283325195312e+00
4.655757427215576172e+00
4.668291568756103516e+00
4.645822525024414062e+00
4.694240570068359375e+00
4.688067913055419922e+00
4.639996051788330078e+00
4.651884078979492188e+00
4.647422790527343750e+00
4.631657123565673828e+00
4.668917655944824219e+00
4.612098217010498047e+00
4.650753974914550781e+00
4.599315166473388672e+00
4.675156593322753906e+00
4.584709644317626953e+00
4.513959407806396484e+00
4.631091117858886719e+00
4.649411678314208984e+00
4.660575866699218750e+00
4.655261039733886719e+00
4.644939422607421875e+00
4.616265296936035156e+00
4.650517463684082031e+00
4.636919498443603516e+00
4.677649497985839844e+00
4.627781391143798828e+00
4.650442600250244141e+00
4.604198455810546875e+00
4.625854969024658203e+00
4.630035877227783203e+00
4.649240970611572266e+00
4.651307106018066406e+00
4.581380844116210938e+00
4.617324829101562500e+00
4.634877204895019531e+00
4.624397277832031250e+00
4.620692253112792969e+00
4.637337684631347656e+00
4.611299514770507812e+00
4.632790088653564453e+00
4.603062152862548828e+00
4.646142005920410156e+00
4.669030189514160156e+00
4.618107795715332031e+00
4.650786876678466797e+00
4.683840751647949219e+00
4.636031150817871094e+00
4.656571388244628906e+00
4.618752479553222656e+00
4.635908126831054688e+00
4.665181159973144531e+00
4.620236396789550781e+00
4.514412879943847656e+00
4.651374816894531250e+00
4.638296127319335938e+00
4.618141174316406250e+00
4.599980831146240234e+00
4.643145084381103516e+00
4.652836322784423828e+00
4.612306594848632812e+00
4.666043281555175781e+00
4.640565395355224609e+00
4.670807361602783203e+00
4.643627643585205078e+00
4.657754898071289062e+00
4.621678352355957031e+00
4.636846065521240234e+00
4.623739719390869141e+00
4.630949020385742188e+00
4.619226455688476562e+00
4.658107757568359375e+00
4.651540756225585938e+00
4.660108566284179688e+00
4.655915737152099609e+00
4.645339488983154297e+00
4.598688602447509766e+00
4.624046802520751953e+00
4.545433044433593750e+00
4.648789882659912109e+00
4.644742488861083984e+00
4.660504341125488281e+00
4.600786685943603516e+00
4.626652240753173828e+00
4.671950340270996094e+00
4.640518188476562500e+00
4.663821697235107422e+00
4.594252586364746094e+00
4.624262332916259766e+00
4.581806182861328125e+00
4.516388893127441406e+00
4.659716606140136719e+00
4.626984596252441406e+00
4.608008384704589844e+00
4.639609336853027344e+00
4.603924751281738281e+00
4.617889881134033203e+00
4.616662502288818359e+00
4.654206752777099609e+00
4.622940063476562500e+00
4.626509189605712891e+00
4.655970573425292969e+00
4.651143550872802734e+00
4.631857872009277344e+00
4.647657394409179688e+00
4.687297344207763672e+00
4.601926803588867188e+00
4.645449638366699219e+00
4.621195316314697266e+00
4.616630077362060547e+00
4.615777492523193359e+00
4.565937995910644531e+00
4.641666412353515625e+00
4.601952075958251953e+00
4.633116722106933594e+00
4.631582736968994141e+00
4.652478218078613281e+00
4.693037033081054688e+00
4.613979816436767578e+00
4.650355339050292969e+00
4.608697414398193359e+00
4.675889968872070312e+00
4.662436485290527344e+00
4.650755882263183594e+00
4.616942882537841797e+00
4.677040100097656250e+00
4.607088565826416016e+00
4.516460895538330078e+00
4.674423694610595703e+00
4.645085811614990234e+00
4.680783271789550781e+00
4.652635097503662109e+00
4.643841266632080078e+00
4.650482654571533203e+00
4.658269882202148438e+00
4.618017196655273438e+00
4.635825157165527344e+00
4.659847259521484375e+00
4.619437694549560547e+00
4.627876758575439453e+00
4.608695507049560547e+00
4.621857166290283203e+00
4.693443775177001953e+00
4.594413280487060547e+00
4.657266616821289062e+00
4.641850948333740234e+00
4.667065143585205078e+00
4.659190177917480469e+00
4.589198589324951172e+00
4.637083530426025391e+00
4.654472351074218750e+00
4.603561878204345703e+00
4.638023376464843750e+00
4.588616371154785156e+00
4.621051788330078125e+00
4.649090766906738281e+00
4.663067817687988281e+00
4.694678306579589844e+00
4.660923957824707031e+00
4.647268295288085938e+00
4.672389030456542969e+00
4.613622188568115234e+00
4.610548973083496094e+00
4.643301963806152344e+00
4.484146595001220703e+00
4.659096717834472656e+00
4.626029968261718750e+00
4.624240398406982422e+00
4.652292251586914062e+00
4.638180732727050781e+00
4.645418167114257812e+00
4.585380554199218750e+00
4.669215202331542969e+00
4.622118949890136719e+00
4.621365070343017578e+00
4.654318809509277344e+00
4.611922264099121094e+00
4.622701168060302734e+00
4.633406639099121094e+00
4.621390819549560547e+00
4.639539718627929688e+00
4.654773235321044922e+00
4.596206665039062500e+00
4.694381237030029297e+00
4.635545730590820312e+00
4.689443588256835938e+00
4.658520698547363281e+00
4.657970428466796875e+00
4.681089401245117188e+00
4.630055904388427734e+00
4.612719535827636719e+00
4.656150817871093750e+00
4.646003246307373047e+00
4.676111698150634766e+00
4.654632091522216797e+00
4.572673797607421875e+00
4.656194686889648438e+00
4.656260967254638672e+00
4.646515369415283203e+00
4.623495101928710938e+00
4.578658103942871094e+00
4.474322319030761719e+00
4.611458301544189453e+00
4.659317493438720703e+00
4.685646057128906250e+00
4.623672485351562500e+00
4.622011184692382812e+00
4.630353450775146484e+00
4.620602130889892578e+00
4.605055332183837891e+00
4.649110317230224609e+00
4.656488418579101562e+00
4.656370639801025391e+00
4.621017932891845703e+00
4.606275081634521484e+00
4.573947429656982422e+00
4.623469352722167969e+00
4.657544136047363281e+00
4.622355461120605469e+00
4.647273540496826172e+00
4.644463062286376953e+00
4.640295982360839844e+00
4.642053604125976562e+00
4.646255970001220703e+00
4.616291522979736328e+00
4.646986007690429688e+00
4.589583396911621094e+00
4.617969036102294922e+00
4.663172721862792969e+00
4.608826637268066406e+00
4.648101806640625000e+00
4.648177623748779297e+00
4.617589473724365234e+00
4.652445793151855469e+00
4.673928737640380859e+00
4.642468929290771484e+00
4.596931457519531250e+00
4.660023689270019531e+00
4.455323696136474609e+00
4.660604476928710938e+00
4.634838581085205078e+00
4.629079341888427734e+00
4.619546890258789062e+00
4.662229061126708984e+00
4.655418395996093750e+00
4.643442630767822266e+00
4.626660346984863281e+00
4.618312358856201172e+00
4.641109466552734375e+00
4.680269718170166016e+00
4.610460281372070312e+00
4.652693271636962891e+00
4.657707691192626953e+00
4.627815246582031250e+00
4.613180160522460938e+00
4.667724609375000000e+00
4.633083820343017578e+00
4.631277561187744141e+00
4.673617362976074219e+00
4.657529354095458984e+00
4.661342620849609375e+00
4.620757102966308594e+00
4.617579460144042969e+00
4.616729736328125000e+00
4.672360897064208984e+00
4.651538848876953125e+00
4.626760482788085938e+00
4.624251842498779297e+00
4.677833080291748047e+00
4.672874927520751953e+00
4.602353096008300781e+00
4.630628108978271484e+00
4.679539680480957031e+00
4.634894371032714844e+00
4.581973552703857422e+00
4.432760238647460938e+00
4.650034427642822266e+00
4.601332664489746094e+00
4.666194915771484375e+00
4.653135299682617188e+00
4.620895385742187500e+00
4.654690742492675781e+00
4.643387794494628906e+00
4.614365100860595703e+00
4.619760513305664062e+00
4.656291007995605469e+00
4.627376556396484375e+00
4.639929294586181641e+00
4.605901241302490234e+00
4.609342575073242188e+00
4.651263713836669922e+00
4.673077106475830078e+00
4.618501663208007812e+00
4.621223449707031250e+00
4.646852970123291016e+00
4.701344490051269531e+00
4.647767066955566406e+00
4.597584724426269531e+00
4.623915672302246094e+00
4.623539447784423828e+00
4.620857238769531250e+00
4.668812274932861328e+00
4.688053607940673828e+00
4.648453235626220703e+00
4.661049365997314453e+00
4.641404151916503906e+00
4.662353992462158203e+00
4.692915916442871094e+00
4.659738540649414062e+00
4.648182392120361328e+00
4.644382953643798828e+00
4.611980438232421875e+00
4.467061996459960938e+00
4.698995113372802734e+00
4.619040966033935547e+00
4.641017913818359375e+00
4.670031547546386719e+00
4.634615898132324219e+00
4.625246047973632812e+00
4.625907897949218750e+00
4.620891571044921875e+00
4.640944957733154297e+00
4.612182140350341797e+00
4.669746875762939453e+00
4.607215881347656250e+00
4.614295482635498047e+00
4.637955188751220703e+00
4.658763885498046875e+00
4.640400886535644531e+00
4.624942302703857422e+00
4.612706661224365234e+00
4.648910522460937500e+00
4.635600090026855469e+00
4.637319564819335938e+00
4.626109600067138672e+00
4.606463909149169922e+00
4.622323036193847656e+00
4.615315437316894531e+00
4.611340522766113281e+00
4.594476222991943359e+00
4.617866992950439453e+00
4.660021305084228516e+00
4.602339744567871094e+00
4.639136314392089844e+00
4.649840354919433594e+00
4.650187969207763672e+00
4.698986053466796875e+00
4.643145084381103516e+00
4.614525318145751953e+00
4.474835395812988281e+00
4.636701583862304688e+00
4.630666732788085938e+00
4.664896488189697266e+00
4.603827476501464844e+00
4.641399860382080078e+00
4.637154579162597656e+00
4.670428276062011719e+00
4.615818500518798828e+00
4.675124168395996094e+00
4.662963390350341797e+00
4.694660186767578125e+00
4.671448707580566406e+00
4.611324310302734375e+00
4.601537704467773438e+00
4.644659996032714844e+00
4.625125885009765625e+00
4.675134181976318359e+00
4.599654674530029297e+00
4.632248401641845703e+00
4.615603923797607422e+00
4.613960266113281250e+00
4.617359638214111328e+00
4.624278545379638672e+00
4.625835418701171875e+00
4.663281440734863281e+00
4.688786983489990234e+00
4.650333404541015625e+00
4.622218132019042969e+00
4.647974491119384766e+00
4.641351222991943359e+00
4.611859321594238281e+00
4.636559963226318359e+00
4.665185451507568359e+00
4.624737262725830078e+00
4.633894920349121094e+00
4.605963230133056641e+00
4.476398468017578125e+00
4.638329505920410156e+00
4.626877784729003906e+00
4.630004882812500000e+00
4.625010490417480469e+00
4.632608890533447266e+00
4.611305236816406250e+00
4.677078247070312500e+00
4.635239601135253906e+00
4.669358253479003906e+00
4.628023147583007812e+00
4.633223056793212891e+00
4.642853736877441406e+00
4.610344409942626953e+00
4.562535762786865234e+00
4.647065162658691406e+00
4.623550891876220703e+00
4.686980247497558594e+00
4.642827033996582031e+00
4.663754940032958984e+00
4.633742332458496094e+00
4.614197731018066406e+00
4.620594978332519531e+00
4.637497901916503906e+00
4.637545108795166016e+00
4.594141483306884766e+00
4.643267631530761719e+00
4.659892559051513672e+00
4.617187976837158203e+00
4.647858142852783203e+00
4.663921833038330078e+00
4.657864570617675781e+00
4.595249652862548828e+00
4.658179759979248047e+00
4.655273914337158203e+00
4.684211730957031250e+00
4.630199432373046875e+00
4.425221920013427734e+00
4.624988079071044922e+00
4.636950016021728516e+00
4.647174835205078125e+00
4.665670394897460938e+00
4.659755706787109375e+00
4.645381450653076172e+00
4.665614128112792969e+00
4.613647460937500000e+00
4.673041820526123047e+00
4.638021469116210938e+00
4.652020454406738281e+00
4.609891891479492188e+00
4.616652011871337891e+00
4.654882907867431641e+00
4.671301364898681641e+00
4.562768459320068359e+00
4.686404228210449219e+00
4.647994995117187500e+00
4.616568565368652344e+00
4.646492004394531250e+00
4.645733356475830078e+00
4.636185169219970703e+00
4.636335849761962891e+00
4.632997989654541016e+00
4.593300342559814453e+00
