5.033431529998779297e+00
5.033379077911376953e+00
5.033769607543945312e+00
5.032460689544677734e+00
5.031841754913330078e+00
5.028004169464111328e+00
5.030939102172851562e+00
5.025613784790039062e+00
5.030261039733886719e+00
5.022372722625732422e+00
5.029815196990966797e+00
5.038842201232910156e+00
5.021543502807617188e+00
5.025985717773437500e+00
5.023185253143310547e+00
5.022561073303222656e+00
5.018210887908935547e+00
5.020451068878173828e+00
5.014480590820312500e+00
5.017767429351806641e+00
5.021441936492919922e+00
5.018816947937011719e+00
5.009319782257080078e+00
5.014761924743652344e+00
5.011849880218505859e+00
5.011826515197753906e+00
5.008439064025878906e+00
5.003350257873535156e+00
5.005004405975341797e+00
5.003184318542480469e+00
4.998727798461914062e+00
4.997634887695312500e+00
4.997992515563964844e+00
4.992033004760742188e+00
4.990854740142822266e+00
4.987891197204589844e+00
4.982756614685058594e+00
5.039522171020507812e+00
5.030681133270263672e+00
5.037588119506835938e+00
5.026676654815673828e+00
5.031800746917724609e+00
5.029220104217529297e+00
5.031144142150878906e+00
5.028228282928466797e+00
5.030801296234130859e+00
5.022393226623535156e+00
5.025358676910400391e+00
5.042566299438476562e+00
5.026134967803955078e+00
5.029004573822021484e+00
5.023216247558593750e+00
5.019193649291992188e+00
5.019083023071289062e+00
5.020291805267333984e+00
5.019665718078613281e+00
5.019872665405273438e+00
5.018558502197265625e+00
5.023262023925781250e+00
5.013867378234863281e+00
5.011521339416503906e+00
5.010731697082519531e+00
5.008978843688964844e+00
5.004574775695800781e+00
5.004699230194091797e+00
5.006118774414062500e+00
5.002618312835693359e+00
5.003828048706054688e+00
4.998031139373779297e+00
4.997702121734619141e+00
4.990467071533203125e+00
4.991996765136718750e+00
4.984514713287353516e+00
4.982920646667480469e+00
5.036030292510986328e+00
5.035615921020507812e+00
5.034402847290039062e+00
5.028719425201416016e+00
5.030736923217773438e+00
5.027379989624023438e+00
5.029039859771728516e+00
5.025739669799804688e+00
5.030492305755615234e+00
5.022176265716552734e+00
5.030474662780761719e+00
5.041020870208740234e+00
5.022662639617919922e+00
5.027365684509277344e+00
5.021718502044677734e+00
5.020798683166503906e+00
5.019987106323242188e+00
5.017965793609619141e+00
5.021385192871093750e+00
5.021662712097167969e+00
5.021135330200195312e+00
5.020403861999511719e+00
5.016335964202880859e+00
5.007283687591552734e+00
5.004918575286865234e+00
5.008174419403076172e+00
5.007043838500976562e+00
5.000890731811523438e+00
5.005368232727050781e+00
5.002396106719970703e+00
5.004005908966064453e+00
4.998873233795166016e+00
4.996401786804199219e+00
4.994459152221679688e+00
4.991975784301757812e+00
4.985464572906494141e+00
4.980035305023193359e+00
5.036275863647460938e+00
5.034152507781982422e+00
5.032371520996093750e+00
5.036354064941406250e+00
5.038877487182617188e+00
5.028031826019287109e+00
5.032663822174072266e+00
5.027686595916748047e+00
5.028319835662841797e+00
5.026641368865966797e+00
5.033408164978027344e+00
5.045617103576660156e+00
5.023656845092773438e+00
5.025969028472900391e+00
5.021617412567138672e+00
5.023891448974609375e+00
5.022785663604736328e+00
5.020618438720703125e+00
5.017250061035156250e+00
5.013675212860107422e+00
5.017365455627441406e+00
5.014853477478027344e+00
5.015083312988281250e+00
5.011808395385742188e+00
5.004787921905517578e+00
5.007846355438232422e+00
5.008581638336181641e+00
5.008153915405273438e+00
5.002358913421630859e+00
5.001191139221191406e+00
4.999782562255859375e+00
4.998733520507812500e+00
5.001408576965332031e+00
4.991387367248535156e+00
4.985465526580810547e+00
4.981463909149169922e+00
4.976887702941894531e+00
5.037755012512207031e+00
5.028548240661621094e+00
5.034116744995117188e+00
5.027386665344238281e+00
5.030544281005859375e+00
5.032034397125244141e+00
5.037373542785644531e+00
5.027522087097167969e+00
5.028180599212646484e+00
5.021258831024169922e+00
5.030814170837402344e+00
5.041548728942871094e+00
5.023952007293701172e+00
5.028577804565429688e+00
5.024610996246337891e+00
5.025478839874267578e+00
5.026043415069580078e+00
5.025391101837158203e+00
5.019512176513671875e+00
5.016865253448486328e+00
5.015110015869140625e+00
5.018375396728515625e+00
5.017808914184570312e+00
5.015857696533203125e+00
5.009416103363037109e+00
5.011648654937744141e+00
5.010787487030029297e+00
5.011631488800048828e+00
5.003162860870361328e+00
5.006227493286132812e+00
4.997984409332275391e+00
4.997394561767578125e+00
4.994350910186767578e+00
4.986916542053222656e+00
4.982662200927734375e+00
4.982339382171630859e+00
4.973363876342773438e+00
5.036827564239501953e+00
5.034003257751464844e+00
5.034726142883300781e+00
5.029601573944091797e+00
5.033804416656494141e+00
5.029017448425292969e+00
5.029780864715576172e+00
5.024825096130371094e+00
5.029597759246826172e+00
5.023332595825195312e+00
5.025521755218505859e+00
5.041486740112304688e+00
5.019478797912597656e+00
5.024320125579833984e+00
5.025374889373779297e+00
5.026715755462646484e+00
5.027623653411865234e+00
5.024021148681640625e+00
5.025180339813232422e+00
5.022394657135009766e+00
5.013744354248046875e+00
5.016081333160400391e+00
5.018661975860595703e+00
5.015594959259033203e+00
5.014497756958007812e+00
5.010846614837646484e+00
5.008124351501464844e+00
5.009246826171875000e+00
5.007756710052490234e+00
5.005756855010986328e+00
5.000229358673095703e+00
4.997913360595703125e+00
4.995731353759765625e+00
4.985286712646484375e+00
4.986360549926757812e+00
4.984921455383300781e+00
4.978706359863281250e+00
5.034288883209228516e+00
5.031451225280761719e+00
5.037229537963867188e+00
5.037017345428466797e+00
5.033797740936279297e+00
5.031201839447021484e+00
5.030785560607910156e+00
5.024438381195068359e+00
5.026477813720703125e+00
5.021825313568115234e+00
5.027337074279785156e+00
5.047957420349121094e+00
5.027064323425292969e+00
5.019481182098388672e+00
5.021991252899169922e+00
5.021362304687500000e+00
5.020769596099853516e+00
5.019989490509033203e+00
5.020966053009033203e+00
5.021156787872314453e+00
5.012893199920654297e+00
5.011984825134277344e+00
5.013733386993408203e+00
5.013133525848388672e+00
5.010420322418212891e+00
5.012314319610595703e+00
5.009573459625244141e+00
5.006593227386474609e+00
5.005613803863525391e+00
5.003510951995849609e+00
5.004786968231201172e+00
4.998563766479492188e+00
4.996744632720947266e+00
4.987586021423339844e+00
4.986256122589111328e+00
4.977240085601806641e+00
4.974153518676757812e+00
5.039913177490234375e+00
5.036262512207031250e+00
5.032213687896728516e+00
5.029685020446777344e+00
5.032282352447509766e+00
5.029535293579101562e+00
5.037490367889404297e+00
5.033288002014160156e+00
5.031896591186523438e+00
5.022631645202636719e+00
5.028665065765380859e+00
5.038599491119384766e+00
5.020925998687744141e+00
5.021617412567138672e+00
5.021792888641357422e+00
5.022776603698730469e+00
5.025100708007812500e+00
5.020357608795166016e+00
5.019491195678710938e+00
5.019373416900634766e+00
5.020563125610351562e+00
5.016971588134765625e+00
5.012013435363769531e+00
5.015450000762939453e+00
5.009077548980712891e+00
5.011641502380371094e+00
5.007621765136718750e+00
5.005746364593505859e+00
5.006011486053466797e+00
5.002910137176513672e+00
5.004491329193115234e+00
4.998083591461181641e+00
4.995562553405761719e+00
4.985973358154296875e+00
4.988257884979248047e+00
4.979772090911865234e+00
4.977381229400634766e+00
5.034824371337890625e+00
5.035041332244873047e+00
5.036070346832275391e+00
5.031190395355224609e+00
5.035806655883789062e+00
5.028962612152099609e+00
5.034496784210205078e+00
5.032020092010498047e+00
5.035273551940917969e+00
5.027052879333496094e+00
5.026133060455322266e+00
5.038398742675781250e+00
5.020781517028808594e+00
5.023178100585937500e+00
5.023396968841552734e+00
5.024890422821044922e+00
5.023736000061035156e+00
5.021252155303955078e+00
5.021298408508300781e+00
5.014985084533691406e+00
5.013954162597656250e+00
5.017142295837402344e+00
5.009197235107421875e+00
5.014547348022460938e+00
5.011368751525878906e+00
5.012662887573242188e+00
5.011353969573974609e+00
5.008721828460693359e+00
5.006287574768066406e+00
5.001044273376464844e+00
5.002447128295898438e+00
4.996740341186523438e+00
4.991898536682128906e+00
4.987576484680175781e+00
4.986152648925781250e+00
4.977292537689208984e+00
4.976186275482177734e+00
5.031936168670654297e+00
5.033795833587646484e+00
5.036454677581787109e+00
5.033812522888183594e+00
5.031729698181152344e+00
5.033083438873291016e+00
5.033227920532226562e+00
5.032573699951171875e+00
5.029354572296142578e+00
5.023672103881835938e+00
5.028103828430175781e+00
5.048863887786865234e+00
5.022862911224365234e+00
5.021842002868652344e+00
5.024721145629882812e+00
5.019946098327636719e+00
5.023510456085205078e+00
5.026987075805664062e+00
5.022100448608398438e+00
5.018424034118652344e+00
5.017605304718017578e+00
5.017928600311279297e+00
5.013350486755371094e+00
5.012771129608154297e+00
5.014373302459716797e+00
5.011533737182617188e+00
5.007843494415283203e+00
5.001049041748046875e+00
5.008854389190673828e+00
5.002686500549316406e+00
5.001183032989501953e+00
4.994436264038085938e+00
4.996519565582275391e+00
4.989997386932373047e+00
4.987392425537109375e+00
4.983451843261718750e+00
4.980374336242675781e+00
5.029685020446777344e+00
5.030771255493164062e+00
5.034643173217773438e+00
5.029991626739501953e+00
5.034369468688964844e+00
5.032041549682617188e+00
5.031886577606201172e+00
5.029377460479736328e+00
5.029615402221679688e+00
5.027845859527587891e+00
5.033352851867675781e+00
5.044075965881347656e+00
5.023696899414062500e+00
5.027995109558105469e+00
5.020335674285888672e+00
5.019209861755371094e+00
5.020406723022460938e+00
5.022755146026611328e+00
5.016071796417236328e+00
5.018445491790771484e+00
5.019926548004150391e+00
5.018675804138183594e+00
5.015136241912841797e+00
5.012495517730712891e+00
5.010634899139404297e+00
5.012543678283691406e+00
5.013376235961914062e+00
5.004795551300048828e+00
5.007889747619628906e+00
4.996630668640136719e+00
4.997474670410156250e+00
4.992991447448730469e+00
4.995794773101806641e+00
4.994370460510253906e+00
4.987784862518310547e+00
4.978816509246826172e+00
4.982515335083007812e+00
5.031188011169433594e+00
5.029320240020751953e+00
5.027854919433593750e+00
5.030292034149169922e+00
5.040370941162109375e+00
5.032165050506591797e+00
5.032113075256347656e+00
5.025515556335449219e+00
5.023817062377929688e+00
5.025008678436279297e+00
5.032361030578613281e+00
5.040323257446289062e+00
5.023583412170410156e+00
5.025371551513671875e+00
5.022301197052001953e+00
5.020555973052978516e+00
5.020909786224365234e+00
5.019436836242675781e+00
5.016317844390869141e+00
5.019742965698242188e+00
5.016648292541503906e+00
5.011738300323486328e+00
5.012842655181884766e+00
5.013654232025146484e+00
5.014876842498779297e+00
5.009819030761718750e+00
5.007842063903808594e+00
5.006290912628173828e+00
5.006182193756103516e+00
4.996777057647705078e+00
4.999020576477050781e+00
5.001479148864746094e+00
5.001643180847167969e+00
4.992202758789062500e+00
4.982368946075439453e+00
4.980118751525878906e+00
4.981299400329589844e+00
5.032151699066162109e+00
5.033433914184570312e+00
5.028792381286621094e+00
5.024875164031982422e+00
5.030305862426757812e+00
5.032939434051513672e+00
5.034359455108642578e+00
5.027977466583251953e+00
5.028325080871582031e+00
5.026748657226562500e+00
5.032445430755615234e+00
5.038107872009277344e+00
5.021694183349609375e+00
5.017730236053466797e+00
5.017729759216308594e+00
5.021719932556152344e+00
5.016124248504638672e+00
5.021056175231933594e+00
5.017484188079833984e+00
5.016827106475830078e+00
5.015245437622070312e+00
5.020216464996337891e+00
5.013365268707275391e+00
5.014233112335205078e+00
5.010002136230468750e+00
5.006263732910156250e+00
5.008035659790039062e+00
5.006085872650146484e+00
5.001959323883056641e+00
4.994679927825927734e+00
4.998088359832763672e+00
5.000173091888427734e+00
4.994929790496826172e+00
4.987921714782714844e+00
4.983296871185302734e+00
4.983872890472412109e+00
4.985061645507812500e+00
5.032778263092041016e+00
5.031938552856445312e+00
5.034848213195800781e+00
5.027947425842285156e+00
5.029759883880615234e+00
5.030257701873779297e+00
5.035713195800781250e+00
5.028746604919433594e+00
5.030005931854248047e+00
5.026636123657226562e+00
5.032241821289062500e+00
5.044453620910644531e+00
5.022930145263671875e+00
5.025238513946533203e+00
5.020577430725097656e+00
5.021845817565917969e+00
5.020957469940185547e+00
5.017478942871093750e+00
5.020990371704101562e+00
5.016181945800781250e+00
5.017405033111572266e+00
5.014004230499267578e+00
5.015168190002441406e+00
5.012496471405029297e+00
5.017361164093017578e+00
5.013349533081054688e+00
5.007874965667724609e+00
5.010263919830322266e+00
5.005991458892822266e+00
4.991865634918212891e+00
4.997720718383789062e+00
4.997284412384033203e+00
4.998489856719970703e+00
4.988571643829345703e+00
4.988575935363769531e+00
4.979433059692382812e+00
4.975796699523925781e+00
5.035409450531005859e+00
5.034689426422119141e+00
5.031553268432617188e+00
5.029243946075439453e+00
5.029866218566894531e+00
5.023995876312255859e+00
5.028512001037597656e+00
5.030835628509521484e+00
5.033034801483154297e+00
5.030098915100097656e+00
5.036674976348876953e+00
5.041790485382080078e+00
5.025571346282958984e+00
5.028105735778808594e+00
5.024496555328369141e+00
5.023525714874267578e+00
5.017408370971679688e+00
5.016349315643310547e+00
5.015619754791259766e+00
5.013903617858886719e+00
5.014922142028808594e+00
5.014328479766845703e+00
5.016259193420410156e+00
5.015851020812988281e+00
5.011112213134765625e+00
5.011553287506103516e+00
5.003984928131103516e+00
5.007936000823974609e+00
5.003448009490966797e+00
4.994527339935302734e+00
5.002823352813720703e+00
4.998827457427978516e+00
4.994538307189941406e+00
4.983112812042236328e+00
4.984934329986572266e+00
4.979262351989746094e+00
4.980563163757324219e+00
5.032948493957519531e+00
5.033155441284179688e+00
5.032284736633300781e+00
5.026253700256347656e+00
5.032242774963378906e+00
5.028441429138183594e+00
5.031095027923583984e+00
5.027295112609863281e+00
5.031898975372314453e+00
5.028300285339355469e+00
5.037926197052001953e+00
5.048836231231689453e+00
5.027368545532226562e+00
5.026164531707763672e+00
5.023548603057861328e+00
5.026887416839599609e+00
5.023199081420898438e+00
5.015434741973876953e+00
5.018416404724121094e+00
5.018790245056152344e+00
5.016934394836425781e+00
5.014009952545166016e+00
5.015831947326660156e+00
5.011208534240722656e+00
5.012853145599365234e+00
5.013628482818603516e+00
5.008726596832275391e+00
5.004624366760253906e+00
5.002019882202148438e+00
4.999364852905273438e+00
4.994799137115478516e+00
5.003390312194824219e+00
4.997504234313964844e+00
4.989963054656982422e+00
4.985426425933837891e+00
4.980010986328125000e+00
4.981129169464111328e+00
5.034648418426513672e+00
5.031866073608398438e+00
5.034683227539062500e+00
5.031351566314697266e+00
5.033498764038085938e+00
5.032833576202392578e+00
5.032366275787353516e+00
5.030406951904296875e+00
5.032591819763183594e+00
5.028894424438476562e+00
5.030855178833007812e+00
5.047263622283935547e+00
5.026406288146972656e+00
5.025073051452636719e+00
5.025629997253417969e+00
5.023134231567382812e+00
5.024233818054199219e+00
5.022553443908691406e+00
5.020740509033203125e+00
5.017455577850341797e+00
5.014595508575439453e+00
5.015703201293945312e+00
5.011497974395751953e+00
5.011987686157226562e+00
5.009518146514892578e+00
5.007062435150146484e+00
5.008333206176757812e+00
5.007714271545410156e+00
5.005396366119384766e+00
5.002027034759521484e+00
4.997147560119628906e+00
4.996802330017089844e+00
4.995576381683349609e+00
4.986242294311523438e+00
4.978230953216552734e+00
4.980486869812011719e+00
4.983330726623535156e+00
5.027101993560791016e+00
5.035086631774902344e+00
5.035802364349365234e+00
5.033432960510253906e+00
5.031841278076171875e+00
5.032639026641845703e+00
5.038090705871582031e+00
5.027750492095947266e+00
5.033899784088134766e+00
5.028141975402832031e+00
5.031069755554199219e+00
5.044604778289794922e+00
5.026254177093505859e+00
5.026256084442138672e+00
5.022485733032226562e+00
5.025692462921142578e+00
5.022989749908447266e+00
5.023061752319335938e+00
5.018679141998291016e+00
5.018402099609375000e+00
5.019172668457031250e+00
5.012551307678222656e+00
5.014039039611816406e+00
5.014035224914550781e+00
5.016173362731933594e+00
5.007925033569335938e+00
5.002603054046630859e+00
5.010903358459472656e+00
5.005683898925781250e+00
5.000436305999755859e+00
5.000494956970214844e+00
4.994335651397705078e+00
4.994101047515869141e+00
4.990107536315917969e+00
4.982046604156494141e+00
4.982787132263183594e+00
4.982493400573730469e+00
5.035258769989013672e+00
5.032166481018066406e+00
5.036283969879150391e+00
5.034796237945556641e+00
5.039148807525634766e+00
5.034275531768798828e+00
5.031004428863525391e+00
5.028049468994140625e+00
5.030454158782958984e+00
5.030028343200683594e+00
5.030971527099609375e+00
5.037893772125244141e+00
5.023896217346191406e+00
5.028416633605957031e+00
5.024433612823486328e+00
5.021315097808837891e+00
5.021348953247070312e+00
5.018890857696533203e+00
5.018446445465087891e+00
5.017520904541015625e+00
5.018212795257568359e+00
5.015239715576171875e+00
5.007831573486328125e+00
5.010910511016845703e+00
5.013756752014160156e+00
5.011600494384765625e+00
5.007336616516113281e+00
5.007654190063476562e+00
5.001510620117187500e+00
4.995096206665039062e+00
4.997899055480957031e+00
4.993556976318359375e+00
4.992087364196777344e+00
4.989090919494628906e+00
4.980791091918945312e+00
4.983935832977294922e+00
4.986218452453613281e+00
5.037572383880615234e+00
5.034787178039550781e+00
5.039588451385498047e+00
5.030339241027832031e+00
5.034786701202392578e+00
5.039951801300048828e+00
5.031629085540771484e+00
5.027656555175781250e+00
5.037018299102783203e+00
5.025148391723632812e+00
5.031871795654296875e+00
5.043467998504638672e+00
5.024337291717529297e+00
5.029652118682861328e+00
5.020943164825439453e+00
5.024736404418945312e+00
5.018058300018310547e+00
5.020493984222412109e+00
5.014636039733886719e+00
5.019319534301757812e+00
5.015087127685546875e+00
5.013195514678955078e+00
5.006976127624511719e+00
5.008828163146972656e+00
5.013244628906250000e+00
5.013389587402343750e+00
5.005514144897460938e+00
5.001810073852539062e+00
5.001730442047119141e+00
4.998540878295898438e+00
5.001965522766113281e+00
5.000950336456298828e+00
5.000131607055664062e+00
4.993562698364257812e+00
4.985390663146972656e+00
4.983393192291259766e+00
4.985254287719726562e+00
5.033627033233642578e+00
5.030415534973144531e+00
5.036557197570800781e+00
5.033638477325439453e+00
5.036840915679931641e+00
5.037804603576660156e+00
5.031313896179199219e+00
5.030505657196044922e+00
5.032457828521728516e+00
5.029072284698486328e+00
5.036261081695556641e+00
5.041954994201660156e+00
5.021787166595458984e+00
5.028689384460449219e+00
5.019147396087646484e+00
5.022646427154541016e+00
5.020691394805908203e+00
5.025139331817626953e+00
5.017410755157470703e+00
5.020055294036865234e+00
5.015355587005615234e+00
5.015743255615234375e+00
5.008477687835693359e+00
5.007516860961914062e+00
5.008425235748291016e+00
5.011933326721191406e+00
5.004111289978027344e+00
4.999319076538085938e+00
5.002383708953857422e+00
5.002959728240966797e+00
4.996507644653320312e+00
5.001360893249511719e+00
4.993342399597167969e+00
4.982773780822753906e+00
4.985076904296875000e+00
4.989562034606933594e+00
4.987808704376220703e+00
5.035646915435791016e+00
5.031202793121337891e+00
5.035793304443359375e+00
5.032212734222412109e+00
5.037386417388916016e+00
5.035748958587646484e+00
5.034344196319580078e+00
5.029944896697998047e+00
5.032512664794921875e+00
5.028185844421386719e+00
5.035983562469482422e+00
5.045585632324218750e+00
5.025531768798828125e+00
5.021295547485351562e+00
5.020996093750000000e+00
5.021316051483154297e+00
5.025547504425048828e+00
5.020602703094482422e+00
5.019234180450439453e+00
5.015427589416503906e+00
5.016166687011718750e+00
5.012091159820556641e+00
5.013803005218505859e+00
5.011118412017822266e+00
5.010204315185546875e+00
5.005436897277832031e+00
5.004873752593994141e+00
5.000123023986816406e+00
5.007481098175048828e+00
5.000410079956054688e+00
4.996301651000976562e+00
4.992821216583251953e+00
4.985048770904541016e+00
4.982693672180175781e+00
4.975592613220214844e+00
4.977413177490234375e+00
4.984878540039062500e+00
5.035073757171630859e+00
5.034543991088867188e+00
5.039449214935302734e+00
5.038209915161132812e+00
5.036305904388427734e+00
5.032466411590576172e+00
5.036552906036376953e+00
5.033650398254394531e+00
5.034218788146972656e+00
5.026482582092285156e+00
5.033727645874023438e+00
5.046034812927246094e+00
5.028295040130615234e+00
5.026112556457519531e+00
5.026124000549316406e+00
5.023866653442382812e+00
5.020675659179687500e+00
5.019883155822753906e+00
5.022104740142822266e+00
5.017316818237304688e+00
5.020274162292480469e+00
5.017707347869873047e+00
5.014567852020263672e+00
5.012773513793945312e+00
5.006907939910888672e+00
5.000691413879394531e+00
5.004072189331054688e+00
5.004867076873779297e+00
5.003988742828369141e+00
4.998631477355957031e+00
4.997625827789306641e+00
4.983985424041748047e+00
4.990135669708251953e+00
4.982518672943115234e+00
4.981479167938232422e+00
4.979413509368896484e+00
4.979875564575195312e+00
5.038479328155517578e+00
5.040124893188476562e+00
5.040297508239746094e+00
5.032376766204833984e+00
5.039362430572509766e+00
5.034276485443115234e+00
5.031077384948730469e+00
5.031662940979003906e+00
5.038478374481201172e+00
5.030496120452880859e+00
5.036200523376464844e+00
5.048877716064453125e+00
5.026087284088134766e+00
5.028419494628906250e+00
5.028165817260742188e+00
5.024731636047363281e+00
5.020749092102050781e+00
5.019130229949951172e+00
5.019438266754150391e+00
5.019102573394775391e+00
5.017869949340820312e+00
5.013999462127685547e+00
5.009887695312500000e+00
5.010720729827880859e+00
5.007153511047363281e+00
4.998613834381103516e+00
5.003720760345458984e+00
5.003029346466064453e+00
5.000094413757324219e+00
4.998265266418457031e+00
5.002410888671875000e+00
4.989500045776367188e+00
4.985621929168701172e+00
4.979476451873779297e+00
4.978682994842529297e+00
4.974633216857910156e+00
4.978360176086425781e+00
5.038588523864746094e+00
5.032368183135986328e+00
5.037659168243408203e+00
5.032047271728515625e+00
5.037758350372314453e+00
5.037631988525390625e+00
5.036899089813232422e+00
5.040787696838378906e+00
5.040655612945556641e+00
5.028715610504150391e+00
5.034191131591796875e+00
5.046540737152099609e+00
5.029270648956298828e+00
5.027320861816406250e+00
5.023811340332031250e+00
5.021611213684082031e+00
5.023423194885253906e+00
5.017610073089599609e+00
5.015461921691894531e+00
5.022113323211669922e+00
5.011026859283447266e+00
5.009595870971679688e+00
5.007935047149658203e+00
5.008615970611572266e+00
5.008901119232177734e+00
5.002480506896972656e+00
5.002892017364501953e+00
4.999925613403320312e+00
5.006323814392089844e+00
5.001657485961914062e+00
5.000625610351562500e+00
4.993840694427490234e+00
4.989107131958007812e+00
4.983429431915283203e+00
4.980377197265625000e+00
4.968265533447265625e+00
4.979247570037841797e+00
5.035564422607421875e+00
5.030694484710693359e+00
5.039305210113525391e+00
5.035248756408691406e+00
5.036757469177246094e+00
5.041416645050048828e+00
5.036870956420898438e+00
5.037160396575927734e+00
5.037580013275146484e+00
5.032524585723876953e+00
5.036790847778320312e+00
5.046396732330322266e+00
5.025529861450195312e+00
5.026906013488769531e+00
5.023675918579101562e+00
5.027349948883056641e+00
5.022078037261962891e+00
5.021470069885253906e+00
5.020149230957031250e+00
5.013187408447265625e+00
5.013094425201416016e+00
5.011706829071044922e+00
5.012406826019287109e+00
5.009666919708251953e+00
5.009378910064697266e+00
4.999998569488525391e+00
5.003354549407958984e+00
5.002941608428955078e+00
5.003449440002441406e+00
5.003776073455810547e+00
5.001259326934814453e+00
4.998428821563720703e+00
4.983493328094482422e+00
4.980714321136474609e+00
4.976478576660156250e+00
4.982744216918945312e+00
4.986500740051269531e+00
5.037147521972656250e+00
5.035175800323486328e+00
5.034980773925781250e+00
5.034918308258056641e+00
5.035413265228271484e+00
5.034641742706298828e+00
5.034560680389404297e+00
5.035944461822509766e+00
5.036641120910644531e+00
5.029309749603271484e+00
5.036525726318359375e+00
5.045145988464355469e+00
5.026791095733642578e+00
5.026466846466064453e+00
5.019371986389160156e+00
5.026352882385253906e+00
5.019311428070068359e+00
5.017886161804199219e+00
5.016934394836425781e+00
5.015564918518066406e+00
5.008811950683593750e+00
5.014830112457275391e+00
5.009644031524658203e+00
5.009070873260498047e+00
5.009411334991455078e+00
5.008623600006103516e+00
5.003571510314941406e+00
5.005079269409179688e+00
5.006862163543701172e+00
5.002276420593261719e+00
5.001506805419921875e+00
4.992404460906982422e+00
5.001602172851562500e+00
4.986742019653320312e+00
4.992007732391357422e+00
4.986898422241210938e+00
4.984768867492675781e+00
5.033473491668701172e+00
5.035397529602050781e+00
5.032505989074707031e+00
5.032857894897460938e+00
5.035308837890625000e+00
5.033486366271972656e+00
5.035794734954833984e+00
5.036006927490234375e+00
5.037988662719726562e+00
5.027416229248046875e+00
5.032787799835205078e+00
5.048408508300781250e+00
5.025242805480957031e+00
5.032040596008300781e+00
5.026779174804687500e+00
5.019858837127685547e+00
5.019160270690917969e+00
5.018552303314208984e+00
5.013569831848144531e+00
5.013970375061035156e+00
5.011997699737548828e+00
5.015184879302978516e+00
5.012025356292724609e+00
5.013430595397949219e+00
5.005682468414306641e+00
5.010882854461669922e+00
5.008419513702392578e+00
5.003621578216552734e+00
5.006181240081787109e+00
4.998917102813720703e+00
4.997103214263916016e+00
4.993878364562988281e+00
4.992052078247070312e+00
4.994409084320068359e+00
4.996141433715820312e+00
4.980576515197753906e+00
4.982934474945068359e+00
5.031842231750488281e+00
5.033191204071044922e+00
5.031806945800781250e+00
5.031486034393310547e+00
5.035156250000000000e+00
5.032173156738281250e+00
5.035997390747070312e+00
5.035449504852294922e+00
5.034893989562988281e+00
5.031257629394531250e+00
5.036312580108642578e+00
5.046207904815673828e+00
5.028080940246582031e+00
5.025691509246826172e+00
5.021330356597900391e+00
5.020505905151367188e+00
5.020181179046630859e+00
5.017737865447998047e+00
5.019641876220703125e+00
5.011330127716064453e+00
5.010176658630371094e+00
5.011671066284179688e+00
5.009543895721435547e+00
5.011195182800292969e+00
5.002332687377929688e+00
5.003050327301025391e+00
5.004543304443359375e+00
5.004689216613769531e+00
4.997993469238281250e+00
4.994287490844726562e+00
4.999040603637695312e+00
4.991447448730468750e+00
4.996467113494873047e+00
4.990356922149658203e+00
4.991569519042968750e+00
4.985305309295654297e+00
4.979774951934814453e+00
5.033457279205322266e+00
5.035061836242675781e+00
5.030381202697753906e+00
5.033861160278320312e+00
5.030732154846191406e+00
5.035373687744140625e+00
5.034984588623046875e+00
5.027474880218505859e+00
5.036813735961914062e+00
5.028122901916503906e+00
5.032678127288818359e+00
5.045881271362304688e+00
5.027379035949707031e+00
5.030913829803466797e+00
5.026418685913085938e+00
5.025094509124755859e+00
5.016659259796142578e+00
5.023767471313476562e+00
5.014014720916748047e+00
5.013642311096191406e+00
5.014057636260986328e+00
5.014953136444091797e+00
5.011877059936523438e+00
5.007552146911621094e+00
5.005704402923583984e+00
5.002562999725341797e+00
4.998668670654296875e+00
5.002223491668701172e+00
4.998947620391845703e+00
4.993912696838378906e+00
4.999346733093261719e+00
4.990826606750488281e+00
4.994462490081787109e+00
4.991945266723632812e+00
4.990878582000732422e+00
4.985938549041748047e+00
4.979041099548339844e+00
5.031620502471923828e+00
5.036610126495361328e+00
5.034451484680175781e+00
5.035363674163818359e+00
5.037814140319824219e+00
5.036282539367675781e+00
5.035824775695800781e+00
5.030473709106445312e+00
5.037738800048828125e+00
5.030980587005615234e+00
5.035696983337402344e+00
5.042115211486816406e+00
5.026419162750244141e+00
5.025733470916748047e+00
5.023200988769531250e+00
5.022442817687988281e+00
5.015063285827636719e+00
5.016753196716308594e+00
5.013909816741943359e+00
5.016071796417236328e+00
5.012852191925048828e+00
5.005533695220947266e+00
5.008873939514160156e+00
5.006818294525146484e+00
4.998091220855712891e+00
5.001350402832031250e+00
5.002629280090332031e+00
4.998178005218505859e+00
4.993657112121582031e+00
4.989360809326171875e+00
4.996680736541748047e+00
4.994905471801757812e+00
4.989092826843261719e+00
4.992664337158203125e+00
4.990763187408447266e+00
4.986913681030273438e+00
4.978983879089355469e+00
5.034062862396240234e+00
5.032607555389404297e+00
5.031826972961425781e+00
5.028506755828857422e+00
5.033555030822753906e+00
5.028411388397216797e+00
5.033850669860839844e+00
5.032863616943359375e+00
5.033785343170166016e+00
5.030509948730468750e+00
5.032691955566406250e+00
5.045802593231201172e+00
5.025575160980224609e+00
5.024393081665039062e+00
5.024488449096679688e+00
5.023891448974609375e+00
5.016077041625976562e+00
5.017200946807861328e+00
5.017387866973876953e+00
5.014184474945068359e+00
5.017245292663574219e+00
5.006797313690185547e+00
5.004333496093750000e+00
5.008655548095703125e+00
5.002078533172607422e+00
5.002233028411865234e+00
4.999155044555664062e+00
5.001088619232177734e+00
4.993323802947998047e+00
4.992082595825195312e+00
5.000784397125244141e+00
4.997644424438476562e+00
4.996252536773681641e+00
4.994724273681640625e+00
4.988418102264404297e+00
4.991138935089111328e+00
4.985253810882568359e+00
5.032948970794677734e+00
5.035418987274169922e+00
5.030898094177246094e+00
5.032413959503173828e+00
5.034739017486572266e+00
5.036289691925048828e+00
5.036994934082031250e+00
5.030791282653808594e+00
5.027016639709472656e+00
5.029880046844482422e+00
5.028413295745849609e+00
5.044123649597167969e+00
5.024089336395263672e+00
5.030959129333496094e+00
5.022964477539062500e+00
5.023681640625000000e+00
5.018811702728271484e+00
5.016776084899902344e+00
5.012540340423583984e+00
5.013611793518066406e+00
5.010821342468261719e+00
5.007470130920410156e+00
5.001803398132324219e+00
5.007831573486328125e+00
4.999708652496337891e+00
5.002624034881591797e+00
4.999915122985839844e+00
5.002705097198486328e+00
4.993178844451904297e+00
4.992569446563720703e+00
5.001996040344238281e+00
4.991018295288085938e+00
4.996192455291748047e+00
4.993602275848388672e+00
4.991220951080322266e+00
4.987935543060302734e+00
4.982709407806396484e+00
5.039824008941650391e+00
5.033022880554199219e+00
5.036509990692138672e+00
5.039081573486328125e+00
5.038517475128173828e+00
5.032216548919677734e+00
5.033797264099121094e+00
5.028839111328125000e+00
5.030838012695312500e+00
5.027615547180175781e+00
5.030732154846191406e+00
5.043878078460693359e+00
5.024943828582763672e+00
5.027945995330810547e+00
5.021734714508056641e+00
5.022307872772216797e+00
5.020167350769042969e+00
5.015917778015136719e+00
5.013086318969726562e+00
5.008576869964599609e+00
5.010966300964355469e+00
5.007629871368408203e+00
5.002480506896972656e+00
5.003523349761962891e+00
5.001516342163085938e+00
4.999989986419677734e+00
4.998584747314453125e+00
5.001198291778564453e+00
4.992265224456787109e+00
4.993344306945800781e+00
4.993695735931396484e+00
4.996638298034667969e+00
4.999905109405517578e+00
4.995740413665771484e+00
4.989410400390625000e+00
4.983800888061523438e+00
4.986300468444824219e+00
