5.101098060607910156e+00
5.121548652648925781e+00
5.135970115661621094e+00
5.102847576141357422e+00
5.091852664947509766e+00
5.104606628417968750e+00
5.086667060852050781e+00
5.091575145721435547e+00
5.084252834320068359e+00
5.096585750579833984e+00
5.135153770446777344e+00
5.100972652435302734e+00
5.107535362243652344e+00
5.100527763366699219e+00
5.092110157012939453e+00
5.097853660583496094e+00
5.096788406372070312e+00
5.104495048522949219e+00
5.110331058502197266e+00
5.077926158905029297e+00
5.100222587585449219e+00
5.097766876220703125e+00
5.088896751403808594e+00
5.094702243804931641e+00
5.106324195861816406e+00
5.113556861877441406e+00
5.097629070281982422e+00
5.100255489349365234e+00
5.105003833770751953e+00
5.090321540832519531e+00
5.080866813659667969e+00
5.094275951385498047e+00
5.122139453887939453e+00
5.096423149108886719e+00
5.103342533111572266e+00
5.120475769042968750e+00
5.110238075256347656e+00
5.096212387084960938e+00
5.102506160736083984e+00
5.097318172454833984e+00
5.097578048706054688e+00
5.101272583007812500e+00
5.094697475433349609e+00
5.113398551940917969e+00
5.087173461914062500e+00
5.121014118194580078e+00
5.091159820556640625e+00
5.104645729064941406e+00
5.095725059509277344e+00
5.091079711914062500e+00
5.110565185546875000e+00
5.109871387481689453e+00
5.080712795257568359e+00
5.105120182037353516e+00
5.102492809295654297e+00
5.076938152313232422e+00
5.073488712310791016e+00
5.088705539703369141e+00
5.093038558959960938e+00
5.116300106048583984e+00
5.096894741058349609e+00
5.120186328887939453e+00
5.083895683288574219e+00
5.088023185729980469e+00
5.093130111694335938e+00
5.101276874542236328e+00
5.114359855651855469e+00
5.091238498687744141e+00
5.126731872558593750e+00
5.128309249877929688e+00
5.102318286895751953e+00
5.112332820892333984e+00
5.109429359436035156e+00
5.102770328521728516e+00
5.113867759704589844e+00
5.104923248291015625e+00
5.106372356414794922e+00
5.095862865447998047e+00
5.106114387512207031e+00
5.089248180389404297e+00
5.100741386413574219e+00
5.102982044219970703e+00
5.102708339691162109e+00
5.096398353576660156e+00
5.087694644927978516e+00
5.084106445312500000e+00
5.103998184204101562e+00
5.089980602264404297e+00
5.071703433990478516e+00
5.084330558776855469e+00
5.077866077423095703e+00
5.086240768432617188e+00
5.126416206359863281e+00
5.098391532897949219e+00
5.114886760711669922e+00
5.097204208374023438e+00
5.074384689331054688e+00
5.094112873077392578e+00
5.088215351104736328e+00
5.112400054931640625e+00
5.108114242553710938e+00
5.115355014801025391e+00
5.161172866821289062e+00
5.128324508666992188e+00
5.112035274505615234e+00
5.129814147949218750e+00
5.096154689788818359e+00
5.093723297119140625e+00
5.087251186370849609e+00
5.097682952880859375e+00
5.091057300567626953e+00
5.105838775634765625e+00
5.092960834503173828e+00
5.109267711639404297e+00
5.093900680541992188e+00
5.091692447662353516e+00
5.095715522766113281e+00
5.090052604675292969e+00
5.091163635253906250e+00
5.107209682464599609e+00
5.086969375610351562e+00
5.087880134582519531e+00
5.085588932037353516e+00
5.070400714874267578e+00
5.091714859008789062e+00
5.139760971069335938e+00
5.099954605102539062e+00
5.117409706115722656e+00
5.095610141754150391e+00
5.075837612152099609e+00
5.081186294555664062e+00
5.095190525054931641e+00
5.096928596496582031e+00
5.098586082458496094e+00
5.094629764556884766e+00
5.125902652740478516e+00
5.126359462738037109e+00
5.080080986022949219e+00
5.112486362457275391e+00
5.087874412536621094e+00
5.071519851684570312e+00
5.080971240997314453e+00
5.086182117462158203e+00
5.090981483459472656e+00
5.106946945190429688e+00
5.103045463562011719e+00
5.105571269989013672e+00
5.089867591857910156e+00
5.074648857116699219e+00
5.092969417572021484e+00
5.083503246307373047e+00
5.105338096618652344e+00
5.094577789306640625e+00
5.092238426208496094e+00
5.087103843688964844e+00
5.085155010223388672e+00
5.078821182250976562e+00
5.084440231323242188e+00
5.120984554290771484e+00
5.095548152923583984e+00
5.112593173980712891e+00
5.093066692352294922e+00
5.083173751831054688e+00
5.075553417205810547e+00
5.096908569335937500e+00
5.104991436004638672e+00
5.098260402679443359e+00
5.103072643280029297e+00
5.116996288299560547e+00
5.122619628906250000e+00
5.067916393280029297e+00
5.113945960998535156e+00
5.099456310272216797e+00
5.078632354736328125e+00
5.077813625335693359e+00
5.084529399871826172e+00
5.083281517028808594e+00
5.102557182312011719e+00
5.092803955078125000e+00
5.065071105957031250e+00
5.090372085571289062e+00
5.086296081542968750e+00
5.094853878021240234e+00
5.077482700347900391e+00
5.097467422485351562e+00
5.066997051239013672e+00
5.082026958465576172e+00
5.083483695983886719e+00
5.086724758148193359e+00
5.076226711273193359e+00
5.092968463897705078e+00
5.102724552154541016e+00
5.085034847259521484e+00
5.095252513885498047e+00
5.100243091583251953e+00
5.090025901794433594e+00
5.082015991210937500e+00
5.107138633728027344e+00
5.090606689453125000e+00
5.103807926177978516e+00
5.101164340972900391e+00
5.089700222015380859e+00
5.137670040130615234e+00
5.097523212432861328e+00
5.103751659393310547e+00
5.086205482482910156e+00
5.080845832824707031e+00
5.077275276184082031e+00
5.091723918914794922e+00
5.089156627655029297e+00
5.119884967803955078e+00
5.093683719635009766e+00
5.063885211944580078e+00
5.094059467315673828e+00
5.082045555114746094e+00
5.098175525665283203e+00
5.089286804199218750e+00
5.089789867401123047e+00
5.074924468994140625e+00
5.078954219818115234e+00
5.085762977600097656e+00
5.090536117553710938e+00
5.078020572662353516e+00
5.093647480010986328e+00
5.086672782897949219e+00
5.085827827453613281e+00
5.086120128631591797e+00
5.090246200561523438e+00
5.088303565979003906e+00
5.096930503845214844e+00
5.089008331298828125e+00
5.109655380249023438e+00
5.102943420410156250e+00
5.125611305236816406e+00
5.077513694763183594e+00
5.116358280181884766e+00
5.114056587219238281e+00
5.098319053649902344e+00
5.111196041107177734e+00
5.083198070526123047e+00
5.084824562072753906e+00
5.086996555328369141e+00
5.094649314880371094e+00
5.092832565307617188e+00
5.088455200195312500e+00
5.065305709838867188e+00
5.087193012237548828e+00
5.083042144775390625e+00
5.090696811676025391e+00
5.071972846984863281e+00
5.093938350677490234e+00
5.094383716583251953e+00
5.077651023864746094e+00
5.091206550598144531e+00
5.106644630432128906e+00
5.090762615203857422e+00
5.075680732727050781e+00
5.072243213653564453e+00
5.082399368286132812e+00
5.084057807922363281e+00
5.088249206542968750e+00
5.078900814056396484e+00
5.098347663879394531e+00
5.082927227020263672e+00
5.108984470367431641e+00
5.107442378997802734e+00
5.112085819244384766e+00
5.088719367980957031e+00
5.098145008087158203e+00
5.135104179382324219e+00
5.107862472534179688e+00
5.100411415100097656e+00
5.089171886444091797e+00
5.090494632720947266e+00
5.077133178710937500e+00
5.103104591369628906e+00
5.087358951568603516e+00
5.082575321197509766e+00
5.077668190002441406e+00
5.085897445678710938e+00
5.086831092834472656e+00
5.094859600067138672e+00
5.069526195526123047e+00
5.089262962341308594e+00
5.093072891235351562e+00
5.079761981964111328e+00
5.086185455322265625e+00
5.088393688201904297e+00
5.092243194580078125e+00
5.080088615417480469e+00
5.066323280334472656e+00
5.077542781829833984e+00
5.090187549591064453e+00
5.095756530761718750e+00
5.086240768432617188e+00
5.097076416015625000e+00
5.077721118927001953e+00
5.114115715026855469e+00
5.104597568511962891e+00
5.113328456878662109e+00
5.100227355957031250e+00
5.092234134674072266e+00
5.117306709289550781e+00
5.106899738311767578e+00
5.087464332580566406e+00
5.088037967681884766e+00
5.094228744506835938e+00
5.080921649932861328e+00
5.105295658111572266e+00
5.101444244384765625e+00
5.083247661590576172e+00
5.079183578491210938e+00
5.087055206298828125e+00
5.092767238616943359e+00
5.091941833496093750e+00
5.072371006011962891e+00
5.074526786804199219e+00
5.092568397521972656e+00
5.070225715637207031e+00
5.076516151428222656e+00
5.088806629180908203e+00
5.095282077789306641e+00
5.089994907379150391e+00
5.068464756011962891e+00
5.062793254852294922e+00
5.097952842712402344e+00
5.095295906066894531e+00
5.082525253295898438e+00
5.102011680603027344e+00
5.075914859771728516e+00
5.111234664916992188e+00
5.102842807769775391e+00
5.104561328887939453e+00
5.109323978424072266e+00
5.099239349365234375e+00
5.107060432434082031e+00
5.104012966156005859e+00
5.107459545135498047e+00
5.099846839904785156e+00
5.090818881988525391e+00
5.082335472106933594e+00
5.093450546264648438e+00
5.114905357360839844e+00
5.088177204132080078e+00
5.077649116516113281e+00
5.089686393737792969e+00
5.079748630523681641e+00
5.092049121856689453e+00
5.074526309967041016e+00
5.068524360656738281e+00
5.093243122100830078e+00
5.071683883666992188e+00
5.072205543518066406e+00
5.089752197265625000e+00
5.090997695922851562e+00
5.086928844451904297e+00
5.076948165893554688e+00
5.075870513916015625e+00
5.093227386474609375e+00
5.112082004547119141e+00
5.093788146972656250e+00
5.088558673858642578e+00
5.072832107543945312e+00
5.109356880187988281e+00
5.111099243164062500e+00
5.107075214385986328e+00
5.099060058593750000e+00
5.091120243072509766e+00
5.107861042022705078e+00
5.101432323455810547e+00
5.090986728668212891e+00
5.089922904968261719e+00
5.097609996795654297e+00
5.079450607299804688e+00
5.077935218811035156e+00
5.112206935882568359e+00
5.083974361419677734e+00
5.081833362579345703e+00
5.091905117034912109e+00
5.066981792449951172e+00
5.104311466217041016e+00
5.081117153167724609e+00
5.059949398040771484e+00
5.087922573089599609e+00
5.072685718536376953e+00
5.082743644714355469e+00
5.078437805175781250e+00
5.081868648529052734e+00
5.094610214233398438e+00
5.080409526824951172e+00
5.088609695434570312e+00
5.092802047729492188e+00
5.083260536193847656e+00
5.082780361175537109e+00
5.091214656829833984e+00
5.091741561889648438e+00
5.109958171844482422e+00
5.111438751220703125e+00
5.108925342559814453e+00
5.104315757751464844e+00
5.092055797576904297e+00
5.096456050872802734e+00
5.100671768188476562e+00
5.083611965179443359e+00
5.085960388183593750e+00
5.087415695190429688e+00
5.090649127960205078e+00
5.087579250335693359e+00
5.122466087341308594e+00
5.086085319519042969e+00
5.076420783996582031e+00
5.085923194885253906e+00
5.076114177703857422e+00
5.091838359832763672e+00
5.074066638946533203e+00
5.078262329101562500e+00
5.076421737670898438e+00
5.066673755645751953e+00
5.078435420989990234e+00
5.088359355926513672e+00
5.079290866851806641e+00
5.088948249816894531e+00
5.092048168182373047e+00
5.079223155975341797e+00
5.090641498565673828e+00
5.080863952636718750e+00
5.082178592681884766e+00
5.100963592529296875e+00
5.104331970214843750e+00
5.097827434539794922e+00
5.113498210906982422e+00
5.100721836090087891e+00
5.095998764038085938e+00
5.090501308441162109e+00
5.087212085723876953e+00
5.102084159851074219e+00
5.079587936401367188e+00
5.092165470123291016e+00
5.085341930389404297e+00
5.100948333740234375e+00
5.084879398345947266e+00
5.112874507904052734e+00
5.084950447082519531e+00
5.073933124542236328e+00
5.097928047180175781e+00
5.072942733764648438e+00
5.088530063629150391e+00
5.068518161773681641e+00
5.075923919677734375e+00
5.081813335418701172e+00
5.072063922882080078e+00
5.073564052581787109e+00
5.086223602294921875e+00
5.079888343811035156e+00
5.075438022613525391e+00
5.085791110992431641e+00
5.085367679595947266e+00
5.082343578338623047e+00
5.090148925781250000e+00
5.084068298339843750e+00
5.093690872192382812e+00
5.096158504486083984e+00
5.098478317260742188e+00
5.113764762878417969e+00
5.092923164367675781e+00
5.082562446594238281e+00
5.091928958892822266e+00
5.083467960357666016e+00
5.104282855987548828e+00
5.092157840728759766e+00
5.087373733520507812e+00
5.090149879455566406e+00
5.085096836090087891e+00
5.077793598175048828e+00
5.081586360931396484e+00
5.095599174499511719e+00
5.083169937133789062e+00
5.095326900482177734e+00
5.085048198699951172e+00
5.091637134552001953e+00
5.069213867187500000e+00
5.072825908660888672e+00
5.086887359619140625e+00
5.085069656372070312e+00
5.077080726623535156e+00
5.078427314758300781e+00
5.080464839935302734e+00
5.082396030426025391e+00
5.079224586486816406e+00
5.077433586120605469e+00
5.079139232635498047e+00
5.091767311096191406e+00
5.097395420074462891e+00
5.092061519622802734e+00
5.093639850616455078e+00
5.099628448486328125e+00
5.110136985778808594e+00
5.089062690734863281e+00
5.080881118774414062e+00
5.088400840759277344e+00
5.092226982116699219e+00
5.097466945648193359e+00
5.103858470916748047e+00
5.088207244873046875e+00
5.082180976867675781e+00
5.076204776763916016e+00
5.066877365112304688e+00
5.087147235870361328e+00
5.107351779937744141e+00
5.090993881225585938e+00
5.092433929443359375e+00
5.095165252685546875e+00
5.088477611541748047e+00
5.067428112030029297e+00
5.068743705749511719e+00
5.085028648376464844e+00
5.091314792633056641e+00
5.083539009094238281e+00
5.083768844604492188e+00
5.079348564147949219e+00
5.094129085540771484e+00
5.097742080688476562e+00
5.082446098327636719e+00
5.074246406555175781e+00
5.083630561828613281e+00
5.094097137451171875e+00
5.095537662506103516e+00
5.098169803619384766e+00
5.094203472137451172e+00
5.103758335113525391e+00
5.095620632171630859e+00
5.083909511566162109e+00
5.087267875671386719e+00
5.095013618469238281e+00
5.087381839752197266e+00
5.094762802124023438e+00
5.088962554931640625e+00
5.084636688232421875e+00
5.081419944763183594e+00
5.078493595123291016e+00
5.086782455444335938e+00
5.098373889923095703e+00
5.104115486145019531e+00
5.079846382141113281e+00
5.091620445251464844e+00
5.089674472808837891e+00
5.063035964965820312e+00
5.066281795501708984e+00
5.084874153137207031e+00
5.086211681365966797e+00
5.081104755401611328e+00
5.092040538787841797e+00
5.082641601562500000e+00
5.093586921691894531e+00
5.091438293457031250e+00
5.079517364501953125e+00
5.081080913543701172e+00
5.077978134155273438e+00
5.093124866485595703e+00
5.093369483947753906e+00
5.100976467132568359e+00
5.091629981994628906e+00
5.103650093078613281e+00
5.102513313293457031e+00
5.090887069702148438e+00
5.088677406311035156e+00
5.095454692840576172e+00
5.095712661743164062e+00
5.096217632293701172e+00
5.088103771209716797e+00
5.085047245025634766e+00
5.083797931671142578e+00
5.071018218994140625e+00
5.065861225128173828e+00
5.075535297393798828e+00
5.101265430450439453e+00
5.085341453552246094e+00
5.088266849517822266e+00
5.091056346893310547e+00
5.070329666137695312e+00
5.057660579681396484e+00
5.066864490509033203e+00
5.092114448547363281e+00
5.079203605651855469e+00
5.081800460815429688e+00
5.096085071563720703e+00
5.084002017974853516e+00
5.084396839141845703e+00
5.081017494201660156e+00
5.074172019958496094e+00
5.077131271362304688e+00
5.091291904449462891e+00
5.096968650817871094e+00
5.109440326690673828e+00
5.090995788574218750e+00
5.094357490539550781e+00
5.100210666656494141e+00
5.096617698669433594e+00
5.082117080688476562e+00
5.095119476318359375e+00
5.087887763977050781e+00
5.087631702423095703e+00
5.079885959625244141e+00
5.088943481445312500e+00
5.079410552978515625e+00
5.068501949310302734e+00
5.069026470184326172e+00
5.080438613891601562e+00
5.089914321899414062e+00
5.082844734191894531e+00
5.087694168090820312e+00
5.096248626708984375e+00
5.069227695465087891e+00
5.062348842620849609e+00
5.068771839141845703e+00
5.070382118225097656e+00
5.078858852386474609e+00
5.083764553070068359e+00
5.093342781066894531e+00
5.077101707458496094e+00
5.074767112731933594e+00
5.086911201477050781e+00
5.073717594146728516e+00
5.095283031463623047e+00
5.093490600585937500e+00
5.089815139770507812e+00
5.108622550964355469e+00
5.098752021789550781e+00
5.099678993225097656e+00
5.101864337921142578e+00
5.101983547210693359e+00
5.076591491699218750e+00
5.090209960937500000e+00
5.093350410461425781e+00
5.100337505340576172e+00
5.082024574279785156e+00
5.078396320343017578e+00
5.089813709259033203e+00
5.080774307250976562e+00
5.074655055999755859e+00
5.081229209899902344e+00
5.082190036773681641e+00
5.082870483398437500e+00
5.073734760284423828e+00
5.102346897125244141e+00
5.073352813720703125e+00
5.067516803741455078e+00
5.073063373565673828e+00
5.071776390075683594e+00
5.077827930450439453e+00
5.088760852813720703e+00
5.095970153808593750e+00
5.093455314636230469e+00
5.082097530364990234e+00
5.084969043731689453e+00
5.076283931732177734e+00
5.092861652374267578e+00
5.087499618530273438e+00
5.084659576416015625e+00
5.101608276367187500e+00
5.094028472900390625e+00
5.103811264038085938e+00
5.093850612640380859e+00
5.099044799804687500e+00
5.094655036926269531e+00
5.087305545806884766e+00
5.092899799346923828e+00
5.096611499786376953e+00
5.082532882690429688e+00
5.085314273834228516e+00
5.083105564117431641e+00
5.077724933624267578e+00
5.087251186370849609e+00
5.072623729705810547e+00
5.082410812377929688e+00
5.074518203735351562e+00
5.059628009796142578e+00
5.092861652374267578e+00
5.077144145965576172e+00
5.070547580718994141e+00
5.072565555572509766e+00
5.070648670196533203e+00
5.071523666381835938e+00
5.087111949920654297e+00
5.079985141754150391e+00
5.096147060394287109e+00
5.084139823913574219e+00
5.086191177368164062e+00
5.071114540100097656e+00
5.094654083251953125e+00
5.089612483978271484e+00
5.081917285919189453e+00
5.096775054931640625e+00
5.109030246734619141e+00
5.095407009124755859e+00
5.092736721038818359e+00
5.099489688873291016e+00
5.098626136779785156e+00
5.095873355865478516e+00
5.079984188079833984e+00
5.105083465576171875e+00
5.078413009643554688e+00
5.080832958221435547e+00
5.067473888397216797e+00
5.083881855010986328e+00
5.092115879058837891e+00
5.077809333801269531e+00
5.078795909881591797e+00
5.076190948486328125e+00
5.068038940429687500e+00
5.087934017181396484e+00
5.090257167816162109e+00
5.071686744689941406e+00
5.073185443878173828e+00
5.076406002044677734e+00
5.079697132110595703e+00
5.081696510314941406e+00
5.090757846832275391e+00
5.081655979156494141e+00
5.090160369873046875e+00
5.087641239166259766e+00
5.072026252746582031e+00
5.094567775726318359e+00
5.089685916900634766e+00
5.087945461273193359e+00
5.086591720581054688e+00
5.106400012969970703e+00
5.095963954925537109e+00
5.100221157073974609e+00
5.099802970886230469e+00
5.091248512268066406e+00
5.081693649291992188e+00
5.089095115661621094e+00
5.090099334716796875e+00
5.078806400299072266e+00
5.075524330139160156e+00
5.067177772521972656e+00
5.075158596038818359e+00
5.088185787200927734e+00
5.081798553466796875e+00
5.083593845367431641e+00
5.078441619873046875e+00
5.067632675170898438e+00
5.075403690338134766e+00
5.102256774902343750e+00
5.081445693969726562e+00
5.074170112609863281e+00
5.073437213897705078e+00
5.064720630645751953e+00
5.070087909698486328e+00
5.090644836425781250e+00
5.073713779449462891e+00
5.082587242126464844e+00
5.091926574707031250e+00
5.076142787933349609e+00
5.091972351074218750e+00
5.085314750671386719e+00
5.096149444580078125e+00
5.098104953765869141e+00
5.096196651458740234e+00
5.094763755798339844e+00
5.095039844512939453e+00
5.108993530273437500e+00
5.081652164459228516e+00
5.091819763183593750e+00
5.092556476593017578e+00
5.078735351562500000e+00
5.083233833312988281e+00
5.067096233367919922e+00
5.079396724700927734e+00
5.076049327850341797e+00
5.084543228149414062e+00
5.075965404510498047e+00
5.076998233795166016e+00
5.074370384216308594e+00
5.068473815917968750e+00
5.060269832611083984e+00
5.080366611480712891e+00
5.088315963745117188e+00
5.074796199798583984e+00
5.071808338165283203e+00
5.073633670806884766e+00
5.077423572540283203e+00
5.082780838012695312e+00
5.082501888275146484e+00
5.094461441040039062e+00
5.092150688171386719e+00
5.074072837829589844e+00
5.084960460662841797e+00
5.087988376617431641e+00
5.097634792327880859e+00
5.095317840576171875e+00
5.105386734008789062e+00
5.095479011535644531e+00
5.102896213531494141e+00
5.110036373138427734e+00
5.084634304046630859e+00
5.083748340606689453e+00
5.096374988555908203e+00
5.087985038757324219e+00
5.082307338714599609e+00
5.085274219512939453e+00
5.085510253906250000e+00
5.084986209869384766e+00
5.088430404663085938e+00
5.078471183776855469e+00
5.067021846771240234e+00
5.072077274322509766e+00
5.076864719390869141e+00
5.059938907623291016e+00
5.072688102722167969e+00
5.076792716979980469e+00
5.082276344299316406e+00
5.073413848876953125e+00
5.078814506530761719e+00
5.074231624603271484e+00
5.076526641845703125e+00
5.073887825012207031e+00
5.085264205932617188e+00
5.100770950317382812e+00
5.087652206420898438e+00
5.085496425628662109e+00
5.088023662567138672e+00
5.103163242340087891e+00
5.099225521087646484e+00
5.106402873992919922e+00
5.107531070709228516e+00
5.105715751647949219e+00
5.105765819549560547e+00
5.083728790283203125e+00
5.081712722778320312e+00
5.109990596771240234e+00
5.094619750976562500e+00
5.092617034912109375e+00
5.088040828704833984e+00
5.092107772827148438e+00
5.076280117034912109e+00
5.085050582885742188e+00
5.077965736389160156e+00
5.071778774261474609e+00
5.077152729034423828e+00
5.075338363647460938e+00
5.064769744873046875e+00
5.078694343566894531e+00
5.082801818847656250e+00
5.085433959960937500e+00
5.078292846679687500e+00
5.076281070709228516e+00
5.071863651275634766e+00
5.077116966247558594e+00
5.073880195617675781e+00
5.091933727264404297e+00
5.108447074890136719e+00
5.093050003051757812e+00
5.083838462829589844e+00
5.083941459655761719e+00
5.090709686279296875e+00
5.099827289581298828e+00
5.110908508300781250e+00
5.111073970794677734e+00
5.100628852844238281e+00
5.099390029907226562e+00
5.098821640014648438e+00
5.089048385620117188e+00
5.098378658294677734e+00
5.099298000335693359e+00
5.089087009429931641e+00
5.081980228424072266e+00
5.072257518768310547e+00
5.066647529602050781e+00
5.081751823425292969e+00
5.077207088470458984e+00
5.070645809173583984e+00
5.084878444671630859e+00
5.075804233551025391e+00
5.060739994049072266e+00
5.080517768859863281e+00
5.079751968383789062e+00
5.085296154022216797e+00
5.076070308685302734e+00
5.071790695190429688e+00
5.072393417358398438e+00
5.076025009155273438e+00
5.069999694824218750e+00
5.088138103485107422e+00
5.104151248931884766e+00
5.082288742065429688e+00
5.090527534484863281e+00
5.086503505706787109e+00
5.087420463562011719e+00
5.098145961761474609e+00
5.111105918884277344e+00
5.121713161468505859e+00
5.115602970123291016e+00
5.110761165618896484e+00
5.117073059082031250e+00
5.085644245147705078e+00
5.102572441101074219e+00
5.088930606842041016e+00
5.083867549896240234e+00
5.082874298095703125e+00
5.076424598693847656e+00
5.068798542022705078e+00
5.071262359619140625e+00
5.077314376831054688e+00
5.060948371887207031e+00
5.068667411804199219e+00
5.084021091461181641e+00
5.064523696899414062e+00
5.080399036407470703e+00
5.066533565521240234e+00
5.080451011657714844e+00
5.073836803436279297e+00
5.070042610168457031e+00
5.074937820434570312e+00
5.075587272644042969e+00
5.072346210479736328e+00
5.083652496337890625e+00
5.081837654113769531e+00
5.094292640686035156e+00
5.095081806182861328e+00
5.090483188629150391e+00
5.082430362701416016e+00
5.106480121612548828e+00
5.109084606170654297e+00
5.126712799072265625e+00
5.129842758178710938e+00
5.112555980682373047e+00
5.107012748718261719e+00
5.089006423950195312e+00
5.099192619323730469e+00
5.088821411132812500e+00
5.084696769714355469e+00
5.081010341644287109e+00
5.070761680603027344e+00
5.075115203857421875e+00
5.076906681060791016e+00
5.071562767028808594e+00
5.073518276214599609e+00
5.061181068420410156e+00
5.083272933959960938e+00
5.079483032226562500e+00
5.082711696624755859e+00
5.082422256469726562e+00
5.086161613464355469e+00
5.078342437744140625e+00
5.073838710784912109e+00
5.070461750030517578e+00
5.071933746337890625e+00
5.072072029113769531e+00
5.082071781158447266e+00
5.082120895385742188e+00
5.084111690521240234e+00
5.105754375457763672e+00
5.095071792602539062e+00
5.079328536987304688e+00
5.101329803466796875e+00
5.104955673217773438e+00
5.126626014709472656e+00
5.133093357086181641e+00
5.107616424560546875e+00
5.105999469757080078e+00
5.096902847290039062e+00
5.086459636688232422e+00
5.089801311492919922e+00
5.084017753601074219e+00
5.082082748413085938e+00
5.073307037353515625e+00
5.085673332214355469e+00
5.074775695800781250e+00
5.064094543457031250e+00
5.082908630371093750e+00
5.066013813018798828e+00
5.084036827087402344e+00
5.081611156463623047e+00
5.061324596405029297e+00
5.070332527160644531e+00
5.064468860626220703e+00
5.083244800567626953e+00
5.073637008666992188e+00
5.086601257324218750e+00
5.091646671295166016e+00
5.092746734619140625e+00
5.097033977508544922e+00
5.087851047515869141e+00
5.081045627593994141e+00
5.092900276184082031e+00
5.110908031463623047e+00
5.100969314575195312e+00
5.115377426147460938e+00
5.117544174194335938e+00
5.123859405517578125e+00
5.141358852386474609e+00
5.118803501129150391e+00
5.116546630859375000e+00
5.110795497894287109e+00
5.097176074981689453e+00
5.085443019866943359e+00
5.080757617950439453e+00
5.087764739990234375e+00
5.069345951080322266e+00
5.082563877105712891e+00
5.065060138702392578e+00
5.078408718109130859e+00
5.080128669738769531e+00
5.072687625885009766e+00
5.081706047058105469e+00
5.083718776702880859e+00
5.067638397216796875e+00
5.060840606689453125e+00
5.062775135040283203e+00
5.068811416625976562e+00
5.080908775329589844e+00
5.100076198577880859e+00
5.094627857208251953e+00
5.098844051361083984e+00
5.096814155578613281e+00
5.090734481811523438e+00
5.094147682189941406e+00
5.090519905090332031e+00
5.109402656555175781e+00
5.094954490661621094e+00
5.108942985534667969e+00
5.119335651397705078e+00
5.123456001281738281e+00
5.134923458099365234e+00
5.144362449645996094e+00
5.123511314392089844e+00
5.111869812011718750e+00
5.101226806640625000e+00
5.096861839294433594e+00
5.089797496795654297e+00
5.080186843872070312e+00
5.078294754028320312e+00
5.075912475585937500e+00
5.066990375518798828e+00
5.075346946716308594e+00
5.082531929016113281e+00
5.079865932464599609e+00
5.071602821350097656e+00
5.079655647277832031e+00
5.069571971893310547e+00
5.063304424285888672e+00
5.065006732940673828e+00
5.066213607788085938e+00
5.078476905822753906e+00
5.099786281585693359e+00
5.079496383666992188e+00
5.075878143310546875e+00
5.093430519104003906e+00
5.087302207946777344e+00
5.092706680297851562e+00
5.096493721008300781e+00
5.101526737213134766e+00
5.108371257781982422e+00
5.096306324005126953e+00
5.123307228088378906e+00
5.105802536010742188e+00
5.116987228393554688e+00
5.125963211059570312e+00
5.138654232025146484e+00
5.117171287536621094e+00
5.105590343475341797e+00
5.091662883758544922e+00
5.084383964538574219e+00
5.078811168670654297e+00
5.073766708374023438e+00
5.068634033203125000e+00
5.070656299591064453e+00
5.071100234985351562e+00
5.071496486663818359e+00
5.090792179107666016e+00
5.070830345153808594e+00
5.079208374023437500e+00
5.076936721801757812e+00
5.068293571472167969e+00
5.067372798919677734e+00
5.064370155334472656e+00
5.068113803863525391e+00
5.094561576843261719e+00
5.066991329193115234e+00
5.071932792663574219e+00
5.077571868896484375e+00
5.086270332336425781e+00
5.087217807769775391e+00
5.086862087249755859e+00
5.093904495239257812e+00
5.097499847412109375e+00
5.114895343780517578e+00
