4.729548454284667969e+00
4.612685203552246094e+00
4.648849010467529297e+00
4.865841388702392578e+00
4.700591564178466797e+00
4.663327217102050781e+00
4.686693668365478516e+00
4.658598899841308594e+00
4.756298065185546875e+00
4.644396305084228516e+00
4.692873954772949219e+00
4.781531333923339844e+00
4.650088310241699219e+00
4.659170627593994141e+00
4.668576240539550781e+00
4.667503356933593750e+00
4.641972541809082031e+00
4.585631370544433594e+00
4.572843074798583984e+00
4.774487972259521484e+00
4.739256381988525391e+00
4.584558010101318359e+00
4.603878498077392578e+00
4.670057773590087891e+00
4.704035758972167969e+00
4.618599891662597656e+00
4.597978591918945312e+00
4.710012912750244141e+00
4.718447685241699219e+00
4.674746036529541016e+00
4.673680305480957031e+00
4.664813518524169922e+00
4.470597267150878906e+00
4.697596549987792969e+00
4.576700687408447266e+00
4.666523933410644531e+00
4.726683139801025391e+00
4.722811698913574219e+00
4.665407657623291016e+00
4.723725318908691406e+00
4.845274448394775391e+00
4.737610816955566406e+00
4.716466426849365234e+00
4.719353199005126953e+00
4.776192665100097656e+00
4.696932792663574219e+00
4.727869987487792969e+00
4.624870300292968750e+00
4.775233745574951172e+00
4.584705829620361328e+00
4.639902114868164062e+00
4.753694057464599609e+00
4.710674285888671875e+00
4.680602550506591797e+00
4.767042636871337891e+00
4.614294052124023438e+00
4.630438804626464844e+00
4.639574050903320312e+00
4.609593391418457031e+00
4.671818733215332031e+00
4.725805282592773438e+00
4.661086082458496094e+00
4.745543956756591797e+00
4.730988502502441406e+00
4.674629211425781250e+00
4.600069522857666016e+00
4.721873283386230469e+00
4.676894664764404297e+00
4.976553916931152344e+00
4.756268501281738281e+00
4.634947776794433594e+00
4.650195121765136719e+00
4.701747894287109375e+00
4.789364814758300781e+00
4.762008190155029297e+00
4.628226280212402344e+00
4.636446952819824219e+00
4.732622623443603516e+00
4.685173034667968750e+00
4.788239479064941406e+00
4.606333255767822266e+00
4.759720325469970703e+00
4.677465915679931641e+00
4.645767211914062500e+00
4.621582508087158203e+00
4.608160495758056641e+00
4.734750270843505859e+00
4.684695243835449219e+00
4.648001670837402344e+00
4.713290214538574219e+00
4.632323741912841797e+00
4.689356803894042969e+00
4.644483089447021484e+00
4.856183528900146484e+00
4.607348442077636719e+00
4.774311542510986328e+00
4.676277637481689453e+00
4.800411701202392578e+00
4.598420143127441406e+00
4.659484386444091797e+00
4.771704196929931641e+00
4.754784584045410156e+00
4.906543254852294922e+00
4.703390121459960938e+00
4.725766658782958984e+00
4.770198345184326172e+00
4.634684085845947266e+00
4.619799137115478516e+00
4.477678298950195312e+00
4.683719158172607422e+00
4.733742237091064453e+00
4.637134075164794922e+00
4.685167312622070312e+00
4.671900272369384766e+00
4.695519924163818359e+00
4.786881923675537109e+00
4.670964717864990234e+00
4.635829925537109375e+00
4.714481830596923828e+00
4.670766830444335938e+00
4.662658691406250000e+00
4.712310314178466797e+00
4.656146049499511719e+00
4.632147789001464844e+00
4.733025074005126953e+00
4.572690963745117188e+00
4.962772369384765625e+00
4.611631870269775391e+00
4.625863552093505859e+00
4.733354568481445312e+00
4.726743698120117188e+00
4.611247539520263672e+00
4.735809803009033203e+00
4.626505851745605469e+00
4.634190559387207031e+00
4.774647712707519531e+00
4.722032070159912109e+00
4.705643177032470703e+00
4.870611190795898438e+00
4.547600746154785156e+00
4.669729709625244141e+00
4.638626098632812500e+00
4.746510982513427734e+00
4.741119861602783203e+00
4.714852809906005859e+00
4.775989055633544922e+00
4.640640735626220703e+00
4.594334125518798828e+00
4.754962921142578125e+00
4.572683334350585938e+00
4.624788761138916016e+00
4.641382217407226562e+00
4.671101093292236328e+00
4.741470813751220703e+00
4.656153678894042969e+00
4.737746715545654297e+00
4.706731796264648438e+00
4.715174198150634766e+00
4.582296371459960938e+00
4.751645565032958984e+00
4.708511352539062500e+00
4.527816772460937500e+00
4.680756092071533203e+00
4.731865882873535156e+00
4.637610435485839844e+00
4.727553367614746094e+00
4.630215167999267578e+00
4.560108184814453125e+00
4.923425674438476562e+00
4.624757766723632812e+00
4.758969306945800781e+00
4.689449787139892578e+00
4.676226139068603516e+00
4.674398899078369141e+00
4.614408969879150391e+00
4.742681026458740234e+00
4.684370040893554688e+00
4.652581214904785156e+00
4.669956207275390625e+00
4.646732807159423828e+00
4.662752628326416016e+00
4.744825839996337891e+00
4.556190490722656250e+00
4.568217754364013672e+00
4.626574993133544922e+00
4.680447578430175781e+00
4.657261848449707031e+00
4.674527645111083984e+00
4.696031570434570312e+00
4.773252964019775391e+00
4.634659290313720703e+00
4.648777008056640625e+00
4.761018276214599609e+00
4.684767246246337891e+00
4.643826007843017578e+00
4.643417835235595703e+00
4.747106552124023438e+00
4.645063400268554688e+00
4.644503593444824219e+00
4.698675632476806641e+00
4.624669075012207031e+00
4.777340888977050781e+00
4.682546615600585938e+00
4.723001480102539062e+00
4.693386077880859375e+00
4.714560031890869141e+00
4.636698722839355469e+00
4.707462787628173828e+00
4.675436973571777344e+00
4.722272872924804688e+00
4.717224121093750000e+00
4.673177242279052734e+00
4.765011310577392578e+00
4.656387329101562500e+00
4.754510402679443359e+00
4.653381824493408203e+00
4.677307605743408203e+00
4.646074295043945312e+00
4.661667346954345703e+00
4.722522258758544922e+00
4.720304489135742188e+00
4.696987152099609375e+00
4.715630531311035156e+00
4.713447570800781250e+00
4.654448986053466797e+00
4.747744560241699219e+00
4.685770511627197266e+00
4.681324005126953125e+00
4.564717292785644531e+00
4.674489974975585938e+00
4.673565387725830078e+00
4.745106697082519531e+00
4.844161510467529297e+00
4.671537399291992188e+00
4.643855571746826172e+00
4.800394058227539062e+00
4.602434158325195312e+00
4.778965950012207031e+00
4.705911159515380859e+00
4.677743911743164062e+00
4.692009925842285156e+00
4.671672821044921875e+00
4.639950275421142578e+00
4.792386054992675781e+00
4.694164752960205078e+00
4.723787784576416016e+00
4.664120674133300781e+00
4.683325767517089844e+00
4.690486907958984375e+00
4.619384765625000000e+00
4.707252979278564453e+00
4.709260463714599609e+00
4.639811515808105469e+00
4.641986846923828125e+00
4.743744373321533203e+00
4.700105667114257812e+00
4.575133323669433594e+00
4.683082580566406250e+00
4.746242046356201172e+00
4.679759025573730469e+00
4.732614040374755859e+00
4.655978202819824219e+00
4.645208835601806641e+00
4.723623752593994141e+00
4.608004570007324219e+00
4.938624382019042969e+00
4.625431537628173828e+00
4.760810852050781250e+00
4.554656982421875000e+00
4.686886310577392578e+00
4.748444557189941406e+00
4.626737594604492188e+00
4.761719226837158203e+00
4.611484050750732422e+00
4.647614002227783203e+00
4.698828220367431641e+00
4.659808158874511719e+00
4.717061519622802734e+00
4.683652877807617188e+00
4.611947536468505859e+00
4.754237174987792969e+00
4.583868503570556641e+00
4.671597480773925781e+00
4.685736656188964844e+00
4.704481601715087891e+00
4.687042236328125000e+00
4.757407188415527344e+00
4.643516063690185547e+00
4.620624542236328125e+00
4.631582736968994141e+00
4.675559043884277344e+00
4.663630485534667969e+00
4.760925292968750000e+00
4.697542190551757812e+00
4.679476737976074219e+00
4.568526268005371094e+00
4.704793453216552734e+00
4.820361137390136719e+00
4.613083362579345703e+00
4.556386947631835938e+00
4.802150726318359375e+00
4.491605758666992188e+00
4.750139713287353516e+00
4.643914699554443359e+00
4.596360683441162109e+00
4.680512428283691406e+00
4.622357845306396484e+00
4.719358444213867188e+00
4.623046398162841797e+00
4.663202762603759766e+00
4.618518352508544922e+00
4.741395950317382812e+00
4.674859046936035156e+00
4.665341854095458984e+00
4.617462635040283203e+00
4.661967277526855469e+00
4.644204139709472656e+00
4.652356624603271484e+00
4.583985805511474609e+00
4.677072525024414062e+00
4.643079280853271484e+00
4.642265796661376953e+00
4.613942146301269531e+00
4.648432254791259766e+00
4.669099807739257812e+00
4.693458080291748047e+00
4.685296058654785156e+00
4.732080459594726562e+00
4.716196537017822266e+00
4.712106704711914062e+00
4.779606342315673828e+00
4.610218524932861328e+00
4.658634662628173828e+00
4.802233219146728516e+00
4.645028114318847656e+00
4.932566165924072266e+00
4.629758358001708984e+00
4.730846881866455078e+00
4.708589076995849609e+00
4.603280067443847656e+00
4.685988426208496094e+00
4.679744720458984375e+00
4.732254505157470703e+00
4.693115234375000000e+00
4.634543418884277344e+00
4.659457683563232422e+00
4.735130310058593750e+00
4.760036468505859375e+00
4.658953189849853516e+00
4.647045135498046875e+00
4.711349964141845703e+00
4.672476291656494141e+00
4.689310550689697266e+00
4.626124382019042969e+00
4.679343223571777344e+00
4.705494880676269531e+00
4.668914794921875000e+00
4.662219047546386719e+00
4.652044296264648438e+00
4.644386291503906250e+00
4.687200069427490234e+00
4.697323799133300781e+00
4.680063247680664062e+00
4.733216285705566406e+00
4.594635486602783203e+00
4.529109954833984375e+00
4.790142536163330078e+00
4.646665573120117188e+00
4.789823532104492188e+00
4.614871978759765625e+00
4.764200210571289062e+00
4.614700317382812500e+00
4.638870239257812500e+00
4.669960975646972656e+00
4.622469902038574219e+00
4.664648532867431641e+00
4.596348762512207031e+00
4.737726211547851562e+00
4.711741447448730469e+00
4.744006633758544922e+00
4.647346496582031250e+00
4.559509754180908203e+00
4.654340744018554688e+00
4.685878276824951172e+00
4.637271881103515625e+00
4.660778045654296875e+00
4.600992202758789062e+00
4.738001346588134766e+00
4.759451866149902344e+00
4.594841480255126953e+00
4.669685363769531250e+00
4.732891082763671875e+00
4.618286132812500000e+00
4.603546142578125000e+00
4.672042369842529297e+00
4.580502986907958984e+00
4.671918869018554688e+00
4.643817901611328125e+00
4.738571643829345703e+00
4.647591590881347656e+00
4.794270515441894531e+00
4.721538543701171875e+00
4.682196140289306641e+00
4.721473217010498047e+00
4.609006404876708984e+00
4.679116249084472656e+00
4.600179672241210938e+00
4.712698936462402344e+00
4.658046245574951172e+00
4.616282939910888672e+00
4.746299266815185547e+00
4.679192543029785156e+00
4.676943302154541016e+00
4.680426120758056641e+00
4.567928314208984375e+00
4.641658782958984375e+00
4.689313888549804688e+00
4.575630187988281250e+00
4.718755722045898438e+00
4.653399944305419922e+00
4.633177757263183594e+00
4.713688373565673828e+00
4.679844379425048828e+00
4.695559978485107422e+00
4.654908180236816406e+00
4.686792373657226562e+00
4.737896919250488281e+00
4.634516239166259766e+00
4.719581604003906250e+00
4.611924171447753906e+00
4.735819339752197266e+00
4.673639774322509766e+00
4.684707164764404297e+00
4.682376384735107422e+00
4.729294776916503906e+00
4.696951866149902344e+00
4.728433609008789062e+00
4.632689476013183594e+00
4.733631134033203125e+00
4.718057155609130859e+00
4.787405967712402344e+00
4.673994541168212891e+00
4.674747467041015625e+00
4.649879455566406250e+00
4.667525291442871094e+00
4.658263683319091797e+00
4.631611824035644531e+00
4.629171371459960938e+00
4.738501548767089844e+00
4.698979854583740234e+00
4.622447967529296875e+00
4.756675243377685547e+00
4.632564067840576172e+00
4.552272319793701172e+00
4.736734867095947266e+00
4.688931465148925781e+00
4.575533390045166016e+00
4.686510086059570312e+00
4.661944389343261719e+00
4.722192764282226562e+00
4.714982032775878906e+00
4.707561016082763672e+00
4.768672466278076172e+00
4.765455245971679688e+00
4.724198818206787109e+00
4.593986988067626953e+00
4.722149372100830078e+00
4.695910453796386719e+00
4.633917331695556641e+00
4.675845146179199219e+00
4.676271438598632812e+00
4.753477096557617188e+00
4.661371231079101562e+00
4.709312915802001953e+00
4.563877105712890625e+00
4.749033451080322266e+00
4.668700218200683594e+00
4.590770721435546875e+00
4.627995967864990234e+00
4.713829994201660156e+00
4.598588943481445312e+00
4.629994869232177734e+00
4.697056293487548828e+00
4.787088871002197266e+00
4.676268100738525391e+00
4.701245307922363281e+00
4.580857276916503906e+00
4.819625854492187500e+00
4.684637069702148438e+00
4.664299964904785156e+00
4.663318157196044922e+00
4.645562648773193359e+00
4.848224163055419922e+00
4.683179378509521484e+00
4.839824676513671875e+00
4.612630844116210938e+00
4.735830783843994141e+00
4.597002029418945312e+00
4.722650527954101562e+00
4.613162517547607422e+00
4.671229362487792969e+00
4.663255214691162109e+00
4.618185043334960938e+00
4.653518199920654297e+00
4.771724700927734375e+00
4.686594963073730469e+00
4.678164005279541016e+00
4.511089324951171875e+00
4.749663829803466797e+00
4.600692272186279297e+00
4.774775505065917969e+00
4.657771110534667969e+00
4.671943187713623047e+00
4.589899539947509766e+00
4.690228462219238281e+00
4.750266551971435547e+00
4.732221126556396484e+00
4.663081169128417969e+00
4.729437351226806641e+00
4.624791145324707031e+00
4.759898662567138672e+00
4.659116744995117188e+00
4.529258728027343750e+00
4.686560153961181641e+00
4.717595577239990234e+00
4.645495891571044922e+00
4.735200881958007812e+00
4.703505992889404297e+00
4.626301288604736328e+00
4.692536830902099609e+00
4.748124122619628906e+00
4.681181907653808594e+00
4.629674434661865234e+00
4.769504547119140625e+00
4.690412998199462891e+00
4.646865367889404297e+00
4.628098487854003906e+00
4.675163269042968750e+00
4.742883682250976562e+00
4.652184963226318359e+00
4.599969863891601562e+00
4.646374225616455078e+00
4.667593955993652344e+00
4.671355724334716797e+00
4.696723937988281250e+00
4.656511306762695312e+00
4.597647190093994141e+00
4.658371925354003906e+00
4.551183700561523438e+00
4.754442214965820312e+00
4.655797481536865234e+00
4.717743396759033203e+00
4.637107372283935547e+00
4.699678897857666016e+00
4.684668540954589844e+00
4.759169578552246094e+00
4.705331325531005859e+00
4.652907371520996094e+00
4.546679496765136719e+00
4.697180747985839844e+00
4.669129371643066406e+00
4.645196437835693359e+00
4.779663562774658203e+00
4.683200836181640625e+00
4.620431900024414062e+00
4.694972991943359375e+00
4.680824279785156250e+00
4.636462211608886719e+00
4.680904388427734375e+00
4.683511734008789062e+00
4.581601142883300781e+00
4.631514072418212891e+00
4.621131896972656250e+00
4.656466484069824219e+00
4.740301132202148438e+00
4.700279712677001953e+00
4.700495243072509766e+00
4.622294902801513672e+00
4.678856372833251953e+00
4.679100990295410156e+00
4.637691020965576172e+00
4.695966243743896484e+00
4.718098163604736328e+00
4.618082046508789062e+00
4.698070526123046875e+00
4.666291713714599609e+00
4.721324443817138672e+00
4.689533233642578125e+00
4.635879993438720703e+00
4.683080196380615234e+00
4.609991073608398438e+00
4.689804077148437500e+00
4.651945114135742188e+00
4.785768032073974609e+00
4.653569698333740234e+00
4.629619121551513672e+00
4.667552471160888672e+00
4.693902492523193359e+00
4.607975006103515625e+00
4.730750083923339844e+00
4.634472846984863281e+00
4.568995475769042969e+00
4.629748821258544922e+00
4.592754840850830078e+00
4.614024639129638672e+00
4.664084434509277344e+00
4.656378746032714844e+00
4.639474868774414062e+00
4.565766334533691406e+00
4.661431312561035156e+00
4.637993812561035156e+00
4.676516532897949219e+00
4.669003963470458984e+00
4.639476776123046875e+00
4.719882965087890625e+00
4.647920608520507812e+00
4.668851852416992188e+00
4.669614791870117188e+00
4.633896350860595703e+00
4.643126487731933594e+00
4.658790588378906250e+00
4.707899093627929688e+00
4.729341506958007812e+00
4.705658912658691406e+00
4.747987747192382812e+00
4.680508136749267578e+00
4.703075408935546875e+00
4.668197631835937500e+00
4.788524627685546875e+00
4.667877197265625000e+00
4.674988269805908203e+00
4.621572494506835938e+00
4.699880123138427734e+00
4.712944507598876953e+00
4.719293117523193359e+00
4.584434509277343750e+00
4.662771701812744141e+00
4.618007659912109375e+00
4.638041496276855469e+00
4.595667362213134766e+00
4.736886024475097656e+00
4.727270126342773438e+00
4.590504169464111328e+00
4.669664859771728516e+00
4.703828334808349609e+00
4.681406974792480469e+00
4.667755126953125000e+00
4.688020229339599609e+00
4.668404579162597656e+00
4.677103042602539062e+00
4.722093105316162109e+00
4.635463714599609375e+00
4.663793087005615234e+00
4.633761405944824219e+00
4.629505634307861328e+00
4.671337604522705078e+00
4.836694240570068359e+00
4.662922382354736328e+00
4.629221439361572266e+00
4.730076313018798828e+00
4.562829971313476562e+00
4.731121540069580078e+00
4.656341552734375000e+00
4.677184104919433594e+00
4.705370903015136719e+00
4.753676891326904297e+00
4.720129013061523438e+00
4.639871120452880859e+00
4.668859004974365234e+00
4.691680431365966797e+00
4.715586662292480469e+00
4.727366924285888672e+00
4.715999126434326172e+00
4.722495079040527344e+00
4.747576713562011719e+00
4.731673717498779297e+00
4.648880958557128906e+00
4.603338241577148438e+00
4.730543613433837891e+00
4.685043334960937500e+00
4.642705917358398438e+00
4.643108367919921875e+00
4.690848350524902344e+00
4.644784927368164062e+00
4.618825435638427734e+00
4.759199142456054688e+00
4.654753208160400391e+00
4.664624214172363281e+00
4.644609928131103516e+00
4.644434928894042969e+00
4.655338287353515625e+00
4.753961086273193359e+00
4.640785694122314453e+00
4.716578483581542969e+00
4.727638244628906250e+00
4.565079689025878906e+00
4.771353721618652344e+00
4.711677551269531250e+00
4.729743003845214844e+00
4.740021705627441406e+00
4.717940330505371094e+00
4.663204193115234375e+00
4.625385761260986328e+00
4.675400733947753906e+00
4.600078582763671875e+00
4.613933086395263672e+00
4.729093551635742188e+00
4.694963932037353516e+00
4.712193489074707031e+00
4.623465538024902344e+00
4.579802513122558594e+00
4.717059612274169922e+00
4.674710273742675781e+00
4.705850124359130859e+00
4.684633731842041016e+00
4.581540107727050781e+00
4.628355979919433594e+00
4.618177890777587891e+00
4.644936561584472656e+00
4.678157806396484375e+00
4.720623970031738281e+00
4.659204006195068359e+00
4.615652084350585938e+00
4.666655540466308594e+00
4.738091468811035156e+00
4.651804924011230469e+00
4.720176219940185547e+00
4.682373523712158203e+00
4.675543785095214844e+00
4.725152015686035156e+00
4.697227954864501953e+00
4.530689716339111328e+00
4.698802947998046875e+00
4.562829017639160156e+00
4.780397415161132812e+00
4.618919372558593750e+00
4.699494361877441406e+00
4.651703834533691406e+00
4.715442180633544922e+00
4.662623405456542969e+00
4.602038860321044922e+00
4.785669803619384766e+00
4.649252414703369141e+00
4.641950607299804688e+00
4.701348304748535156e+00
4.667303085327148438e+00
4.640874862670898438e+00
4.646617889404296875e+00
4.612227916717529297e+00
4.632531166076660156e+00
4.685159206390380859e+00
4.618631839752197266e+00
4.651526451110839844e+00
4.762039184570312500e+00
4.665468215942382812e+00
4.563812732696533203e+00
4.625600814819335938e+00
4.654226779937744141e+00
4.613845348358154297e+00
4.641654014587402344e+00
4.645016670227050781e+00
4.822915554046630859e+00
4.654430866241455078e+00
4.583406448364257812e+00
4.486251354217529297e+00
4.863938331604003906e+00
4.630144596099853516e+00
4.638051033020019531e+00
4.666312217712402344e+00
4.805898189544677734e+00
4.665288448333740234e+00
4.562866687774658203e+00
4.690297603607177734e+00
4.609102249145507812e+00
4.726384162902832031e+00
4.591567039489746094e+00
4.584348201751708984e+00
4.848227977752685547e+00
4.621843814849853516e+00
4.652060508728027344e+00
4.666960239410400391e+00
4.680073738098144531e+00
4.633227825164794922e+00
4.660539150238037109e+00
4.697824478149414062e+00
4.766545295715332031e+00
4.673896312713623047e+00
4.699913024902343750e+00
4.649007320404052734e+00
4.679106712341308594e+00
4.770405292510986328e+00
4.629579544067382812e+00
4.572657108306884766e+00
4.667189598083496094e+00
4.746514797210693359e+00
4.744961261749267578e+00
4.628370285034179688e+00
4.691475868225097656e+00
4.755077362060546875e+00
4.574341773986816406e+00
4.717269897460937500e+00
4.650607109069824219e+00
4.768675327301025391e+00
4.598449707031250000e+00
4.677375316619873047e+00
4.664730072021484375e+00
4.653483390808105469e+00
4.663253784179687500e+00
4.588661193847656250e+00
4.631092071533203125e+00
4.852842330932617188e+00
4.634051322937011719e+00
4.687492847442626953e+00
4.619845867156982422e+00
4.703546524047851562e+00
4.710094451904296875e+00
4.685005187988281250e+00
4.635821342468261719e+00
4.638741970062255859e+00
4.535970211029052734e+00
4.686982631683349609e+00
4.554138183593750000e+00
4.612787246704101562e+00
4.715455532073974609e+00
4.666363716125488281e+00
4.611327648162841797e+00
4.821222305297851562e+00
4.652244091033935547e+00
4.650666236877441406e+00
4.682459354400634766e+00
4.727460861206054688e+00
4.636515617370605469e+00
4.632062911987304688e+00
4.688149929046630859e+00
4.681810379028320312e+00
4.657333374023437500e+00
4.690763950347900391e+00
4.698039054870605469e+00
4.621315002441406250e+00
4.728116512298583984e+00
4.636607646942138672e+00
4.590044975280761719e+00
4.600655078887939453e+00
4.695388317108154297e+00
4.711810111999511719e+00
4.676885128021240234e+00
4.631624698638916016e+00
4.765157222747802734e+00
4.663563251495361328e+00
4.625176906585693359e+00
4.687245845794677734e+00
4.676599502563476562e+00
4.593291759490966797e+00
4.803116798400878906e+00
4.645405769348144531e+00
4.636292934417724609e+00
4.705583572387695312e+00
4.718925476074218750e+00
4.757524013519287109e+00
4.621169090270996094e+00
4.661483764648437500e+00
4.701321125030517578e+00
4.700098514556884766e+00
4.702319145202636719e+00
4.655458927154541016e+00
4.644018650054931641e+00
4.696477413177490234e+00
4.743212223052978516e+00
4.696846961975097656e+00
4.620070934295654297e+00
4.657694816589355469e+00
4.516097068786621094e+00
4.663633823394775391e+00
4.669066905975341797e+00
4.622090816497802734e+00
4.608793258666992188e+00
4.750511646270751953e+00
4.765794277191162109e+00
4.707703590393066406e+00
4.569278717041015625e+00
4.683263778686523438e+00
4.643802642822265625e+00
4.671341896057128906e+00
4.560738086700439453e+00
4.700966835021972656e+00
4.612450122833251953e+00
4.685669898986816406e+00
4.688747406005859375e+00
4.666779518127441406e+00
4.717785835266113281e+00
4.714879512786865234e+00
4.676774501800537109e+00
4.534942626953125000e+00
4.614223003387451172e+00
4.726716518402099609e+00
4.742078304290771484e+00
4.783552646636962891e+00
4.608421802520751953e+00
4.666027069091796875e+00
4.650254726409912109e+00
4.715074539184570312e+00
4.618749141693115234e+00
4.686498641967773438e+00
4.569617748260498047e+00
4.691550731658935547e+00
4.682541847229003906e+00
4.561735630035400391e+00
4.725678920745849609e+00
4.693240642547607422e+00
4.743046760559082031e+00
4.691943645477294922e+00
4.722222328186035156e+00
4.653222560882568359e+00
4.664327621459960938e+00
4.692064762115478516e+00
4.679889678955078125e+00
4.654434680938720703e+00
4.720224857330322266e+00
4.705753326416015625e+00
4.705668449401855469e+00
4.676607608795166016e+00
4.574207305908203125e+00
4.663389205932617188e+00
4.699688434600830078e+00
4.649405956268310547e+00
4.600249290466308594e+00
4.688783168792724609e+00
4.723017215728759766e+00
4.616348743438720703e+00
4.651844501495361328e+00
4.619271755218505859e+00
4.687274456024169922e+00
4.682383537292480469e+00
4.707925319671630859e+00
4.609410762786865234e+00
4.717175960540771484e+00
4.555461883544921875e+00
4.753875255584716797e+00
4.653680801391601562e+00
4.710818290710449219e+00
4.739143848419189453e+00
4.697949409484863281e+00
4.712484359741210938e+00
4.594984531402587891e+00
4.638158321380615234e+00
4.692270755767822266e+00
4.656383514404296875e+00
4.628260135650634766e+00
4.661238193511962891e+00
4.618033885955810547e+00
4.688127994537353516e+00
4.633286476135253906e+00
4.653492927551269531e+00
4.641563415527343750e+00
4.730606555938720703e+00
4.678539276123046875e+00
4.662249088287353516e+00
4.618595123291015625e+00
4.603193759918212891e+00
4.754743576049804688e+00
4.617054939270019531e+00
4.652089118957519531e+00
4.637392997741699219e+00
4.586399078369140625e+00
4.757998943328857422e+00
4.719370365142822266e+00
4.636743545532226562e+00
4.661472797393798828e+00
4.714453697204589844e+00
4.522964954376220703e+00
4.776216506958007812e+00
4.636409759521484375e+00
4.649450302124023438e+00
4.611896991729736328e+00
4.845662593841552734e+00
4.637866020202636719e+00
4.629841804504394531e+00
4.603643417358398438e+00
4.614300251007080078e+00
4.624448299407958984e+00
4.632854938507080078e+00
4.794654369354248047e+00
4.574521064758300781e+00
4.680831909179687500e+00
4.652449131011962891e+00
4.693364143371582031e+00
4.690621852874755859e+00
4.695996284484863281e+00
4.694395065307617188e+00
4.667897224426269531e+00
4.882643699645996094e+00
4.708621978759765625e+00
4.771450519561767578e+00
4.662984848022460938e+00
4.818703651428222656e+00
4.577768325805664062e+00
4.690160274505615234e+00
4.717381000518798828e+00
4.686302661895751953e+00
4.608496189117431641e+00
4.590956211090087891e+00
4.789977073669433594e+00
4.606172084808349609e+00
4.667869091033935547e+00
4.558088779449462891e+00
4.707356452941894531e+00
4.786882400512695312e+00
4.875197887420654297e+00
4.627745151519775391e+00
4.627549648284912109e+00
4.625984668731689453e+00
4.645331382751464844e+00
4.684972763061523438e+00
4.601438522338867188e+00
4.776575088500976562e+00
4.651602268218994141e+00
4.692619323730468750e+00
4.652935981750488281e+00
4.682174682617187500e+00
4.588797092437744141e+00
4.806554794311523438e+00
4.636542797088623047e+00
4.550430774688720703e+00
4.678249359130859375e+00
4.730197906494140625e+00
4.664628028869628906e+00
4.733238697052001953e+00
4.725377559661865234e+00
4.612015724182128906e+00
4.870000362396240234e+00
4.614123344421386719e+00
4.639824867248535156e+00
4.650971889495849609e+00
4.716779708862304688e+00
4.647722721099853516e+00
4.677153587341308594e+00
4.657076358795166016e+00
4.801297664642333984e+00
4.749955654144287109e+00
4.763637542724609375e+00
4.684727191925048828e+00
4.636850833892822266e+00
4.724497318267822266e+00
4.632545471191406250e+00
4.709673881530761719e+00
4.760050296783447266e+00
4.718152523040771484e+00
4.680608749389648438e+00
4.647723674774169922e+00
4.715608596801757812e+00
4.733208179473876953e+00
4.685435295104980469e+00
4.648402214050292969e+00
4.778182506561279297e+00
4.628414154052734375e+00
4.655003070831298828e+00
4.657627105712890625e+00
4.685595989227294922e+00
4.795715332031250000e+00
4.664263725280761719e+00
4.748437881469726562e+00
4.717271804809570312e+00
4.602088928222656250e+00
4.623583316802978516e+00
4.593127250671386719e+00
4.663735866546630859e+00
4.635272502899169922e+00
4.568406581878662109e+00
4.627568721771240234e+00
4.639488697052001953e+00
4.658966064453125000e+00
4.752437114715576172e+00
4.578884124755859375e+00
4.554299831390380859e+00
4.684235572814941406e+00
4.625198364257812500e+00
4.639718532562255859e+00
4.603954792022705078e+00
4.824417591094970703e+00
4.670510768890380859e+00
4.656767368316650391e+00
4.643268585205078125e+00
4.611731052398681641e+00
4.697450160980224609e+00
4.736646652221679688e+00
4.625264644622802734e+00
4.618585586547851562e+00
4.717520236968994141e+00
4.647678852081298828e+00
