4.704244613647460938e+00
4.673363685607910156e+00
4.738698005676269531e+00
4.609116554260253906e+00
4.627561092376708984e+00
4.717813968658447266e+00
4.600863456726074219e+00
4.616605281829833984e+00
4.730744361877441406e+00
4.798128604888916016e+00
4.843770027160644531e+00
4.658993244171142578e+00
4.724814414978027344e+00
4.677171707153320312e+00
4.640993118286132812e+00
4.647761821746826172e+00
4.786213874816894531e+00
4.690033435821533203e+00
4.704233169555664062e+00
4.649510860443115234e+00
4.685051441192626953e+00
4.660245895385742188e+00
4.683601379394531250e+00
4.616180896759033203e+00
4.763829708099365234e+00
4.613550662994384766e+00
4.656625747680664062e+00
4.632901668548583984e+00
4.625424861907958984e+00
4.719311237335205078e+00
4.672051429748535156e+00
4.676806926727294922e+00
4.655000209808349609e+00
4.707939147949218750e+00
4.704608917236328125e+00
4.726035594940185547e+00
4.651539325714111328e+00
4.662992477416992188e+00
4.730756282806396484e+00
4.717317581176757812e+00
4.669457435607910156e+00
4.632267951965332031e+00
4.626700878143310547e+00
4.642848014831542969e+00
4.559346199035644531e+00
4.889711856842041016e+00
4.546850204467773438e+00
4.691094875335693359e+00
4.616192817687988281e+00
4.802448749542236328e+00
4.663326263427734375e+00
4.714797496795654297e+00
4.750527858734130859e+00
4.660373210906982422e+00
4.649426937103271484e+00
4.694832324981689453e+00
4.817673683166503906e+00
4.729351043701171875e+00
4.644268989562988281e+00
4.611134529113769531e+00
4.618471145629882812e+00
4.706099987030029297e+00
4.658215522766113281e+00
4.657957077026367188e+00
4.662292003631591797e+00
4.669252395629882812e+00
4.707176685333251953e+00
4.584171772003173828e+00
4.681391239166259766e+00
4.788262367248535156e+00
4.694654941558837891e+00
4.982082843780517578e+00
4.624676227569580078e+00
4.694175243377685547e+00
4.630512237548828125e+00
4.690293788909912109e+00
4.674628734588623047e+00
4.629627227783203125e+00
4.693487644195556641e+00
4.804932117462158203e+00
4.644184589385986328e+00
4.683630943298339844e+00
4.747978687286376953e+00
4.715798377990722656e+00
4.561791896820068359e+00
4.795356273651123047e+00
4.845552921295166016e+00
4.624953269958496094e+00
4.572138786315917969e+00
4.719830989837646484e+00
4.743961334228515625e+00
4.646905422210693359e+00
4.619901657104492188e+00
4.716934680938720703e+00
4.615475654602050781e+00
4.663269519805908203e+00
4.779772281646728516e+00
4.771168231964111328e+00
4.651713371276855469e+00
4.821493148803710938e+00
4.673664093017578125e+00
4.654671669006347656e+00
4.607142448425292969e+00
4.695820331573486328e+00
4.691697597503662109e+00
4.590738296508789062e+00
4.719064712524414062e+00
4.590469360351562500e+00
4.618182659149169922e+00
4.698883533477783203e+00
4.602241992950439453e+00
4.756885528564453125e+00
4.551490306854248047e+00
4.678320407867431641e+00
4.720847129821777344e+00
4.647326946258544922e+00
4.604645729064941406e+00
4.597026824951171875e+00
4.847898006439208984e+00
4.585377216339111328e+00
4.678774833679199219e+00
4.589895725250244141e+00
4.697337150573730469e+00
4.851144790649414062e+00
4.634196758270263672e+00
4.612807750701904297e+00
4.748398780822753906e+00
4.736189842224121094e+00
4.647192955017089844e+00
4.657603263854980469e+00
4.748672485351562500e+00
4.729677200317382812e+00
4.876435279846191406e+00
4.705163002014160156e+00
4.652884006500244141e+00
4.663492202758789062e+00
4.727944374084472656e+00
4.695497035980224609e+00
4.726258277893066406e+00
4.705618381500244141e+00
4.619781017303466797e+00
4.747208595275878906e+00
4.600672245025634766e+00
4.948573589324951172e+00
4.722958087921142578e+00
4.836264610290527344e+00
4.789120197296142578e+00
4.672496318817138672e+00
4.746778488159179688e+00
4.753782749176025391e+00
4.655018806457519531e+00
4.608729362487792969e+00
4.586548805236816406e+00
4.734101295471191406e+00
4.660251617431640625e+00
4.710451602935791016e+00
4.561500549316406250e+00
4.887679576873779297e+00
4.733456134796142578e+00
4.641349315643310547e+00
4.718849182128906250e+00
4.702317237854003906e+00
4.696215152740478516e+00
4.742571830749511719e+00
4.747311115264892578e+00
4.626112461090087891e+00
4.661710262298583984e+00
4.680084705352783203e+00
4.744905471801757812e+00
4.628023624420166016e+00
4.707003116607666016e+00
4.775350093841552734e+00
4.859433174133300781e+00
4.681496143341064453e+00
4.746024608612060547e+00
4.654935359954833984e+00
4.682808399200439453e+00
4.684241771697998047e+00
4.670066833496093750e+00
4.671991348266601562e+00
4.713027954101562500e+00
4.792192935943603516e+00
4.671847820281982422e+00
4.738635540008544922e+00
4.709498405456542969e+00
4.718572616577148438e+00
4.639844894409179688e+00
4.642232418060302734e+00
4.694188117980957031e+00
4.695353507995605469e+00
4.629817008972167969e+00
4.550556182861328125e+00
4.637171268463134766e+00
4.718688011169433594e+00
4.679398536682128906e+00
4.849492073059082031e+00
4.661271095275878906e+00
4.882201671600341797e+00
4.553636550903320312e+00
4.634918212890625000e+00
4.720419883728027344e+00
4.608026027679443359e+00
4.626743316650390625e+00
4.709274291992187500e+00
4.889990329742431641e+00
4.639319419860839844e+00
4.749601840972900391e+00
4.709407806396484375e+00
4.710149765014648438e+00
4.636693000793457031e+00
4.602693080902099609e+00
4.722330093383789062e+00
4.568479061126708984e+00
4.919841766357421875e+00
4.758396625518798828e+00
4.705428600311279297e+00
4.577412128448486328e+00
4.706798076629638672e+00
4.829728603363037109e+00
4.633522987365722656e+00
4.652441978454589844e+00
4.716042041778564453e+00
4.653085231781005859e+00
4.754916667938232422e+00
4.604023933410644531e+00
4.641732215881347656e+00
4.746129512786865234e+00
4.812786102294921875e+00
4.638742446899414062e+00
4.692496776580810547e+00
4.660537719726562500e+00
4.680927276611328125e+00
4.643762588500976562e+00
4.671430587768554688e+00
4.687189579010009766e+00
4.646251201629638672e+00
4.750731468200683594e+00
4.752758979797363281e+00
4.659260749816894531e+00
4.630056381225585938e+00
4.680695533752441406e+00
4.785018444061279297e+00
4.688505649566650391e+00
4.588944911956787109e+00
4.780324459075927734e+00
4.816942214965820312e+00
4.555553436279296875e+00
4.773158073425292969e+00
4.752477169036865234e+00
4.533528804779052734e+00
4.711230754852294922e+00
4.716681480407714844e+00
4.713389396667480469e+00
4.733289241790771484e+00
4.713111877441406250e+00
4.544627189636230469e+00
4.636403083801269531e+00
4.706127166748046875e+00
4.887391090393066406e+00
4.620347499847412109e+00
4.688920974731445312e+00
4.744028568267822266e+00
4.569999694824218750e+00
4.683283329010009766e+00
4.680418968200683594e+00
4.634202003479003906e+00
4.602236747741699219e+00
4.584195613861083984e+00
4.706102848052978516e+00
4.792518138885498047e+00
4.774672031402587891e+00
4.760911464691162109e+00
4.697141647338867188e+00
4.644308090209960938e+00
4.677850246429443359e+00
4.699810028076171875e+00
4.592112064361572266e+00
4.734557628631591797e+00
4.609087467193603516e+00
4.818354606628417969e+00
4.678303718566894531e+00
4.806605339050292969e+00
4.777209281921386719e+00
4.600915908813476562e+00
4.659238815307617188e+00
4.645571708679199219e+00
4.620180130004882812e+00
4.870643138885498047e+00
4.646220684051513672e+00
4.764061927795410156e+00
4.684069633483886719e+00
4.719499111175537109e+00
4.660394668579101562e+00
4.735952377319335938e+00
4.702007293701171875e+00
4.579975605010986328e+00
4.642028808593750000e+00
4.776946544647216797e+00
4.848321914672851562e+00
4.643002033233642578e+00
4.579760074615478516e+00
4.949839591979980469e+00
4.520405769348144531e+00
4.635820865631103516e+00
4.525757312774658203e+00
4.599541187286376953e+00
4.750218391418457031e+00
4.558343887329101562e+00
4.795825481414794922e+00
4.647963523864746094e+00
4.682444095611572266e+00
4.673534393310546875e+00
4.651967525482177734e+00
4.630967140197753906e+00
4.655761718750000000e+00
4.705882072448730469e+00
4.679556369781494141e+00
4.635223388671875000e+00
4.519179344177246094e+00
4.722143650054931641e+00
4.650004863739013672e+00
4.793930053710937500e+00
4.745496749877929688e+00
4.698177337646484375e+00
4.751302242279052734e+00
4.754259586334228516e+00
4.819380760192871094e+00
4.773298740386962891e+00
4.704488754272460938e+00
4.654593467712402344e+00
4.700061321258544922e+00
4.618437767028808594e+00
4.634746074676513672e+00
4.756006717681884766e+00
4.763469696044921875e+00
4.761644363403320312e+00
4.642758846282958984e+00
4.719185352325439453e+00
4.672290802001953125e+00
4.729260921478271484e+00
4.724482536315917969e+00
4.672523975372314453e+00
4.618861675262451172e+00
4.693684577941894531e+00
4.718490123748779297e+00
4.695214271545410156e+00
4.673107147216796875e+00
4.609030246734619141e+00
4.666869640350341797e+00
4.601833820343017578e+00
4.777735233306884766e+00
4.760085105895996094e+00
4.725553035736083984e+00
4.762823581695556641e+00
4.818003177642822266e+00
4.758972644805908203e+00
4.669428825378417969e+00
4.860377788543701172e+00
4.550795078277587891e+00
4.621636390686035156e+00
4.701836585998535156e+00
4.557798385620117188e+00
4.779732227325439453e+00
4.865058898925781250e+00
4.658305168151855469e+00
4.682880878448486328e+00
4.783729076385498047e+00
4.602022171020507812e+00
4.794711112976074219e+00
4.748958110809326172e+00
4.669167518615722656e+00
4.702101707458496094e+00
4.709466457366943359e+00
4.678690910339355469e+00
4.745005607604980469e+00
4.773200035095214844e+00
4.553584098815917969e+00
4.631515979766845703e+00
4.689028263092041016e+00
4.582133293151855469e+00
4.637992382049560547e+00
4.740376472473144531e+00
4.571195125579833984e+00
4.689233303070068359e+00
4.856658935546875000e+00
4.643131256103515625e+00
4.686538696289062500e+00
4.596117973327636719e+00
4.763683319091796875e+00
4.595689773559570312e+00
4.625426769256591797e+00
4.773067951202392578e+00
4.731595993041992188e+00
4.783465385437011719e+00
4.683990478515625000e+00
4.635714530944824219e+00
4.659705638885498047e+00
4.710720539093017578e+00
4.569829940795898438e+00
4.765914916992187500e+00
4.650922775268554688e+00
4.607029914855957031e+00
4.791956424713134766e+00
4.779391288757324219e+00
4.535125255584716797e+00
4.715546131134033203e+00
4.728659152984619141e+00
4.700033187866210938e+00
4.714798927307128906e+00
4.682611465454101562e+00
4.845658302307128906e+00
4.815052986145019531e+00
4.574315547943115234e+00
4.652399539947509766e+00
4.872511863708496094e+00
4.639058589935302734e+00
4.837395668029785156e+00
4.643712043762207031e+00
4.772966861724853516e+00
4.731596946716308594e+00
4.816596508026123047e+00
4.551920413970947266e+00
4.591515064239501953e+00
4.685359954833984375e+00
4.656688213348388672e+00
4.639495372772216797e+00
4.641797542572021484e+00
4.800476551055908203e+00
4.592564582824707031e+00
4.738288879394531250e+00
4.682278633117675781e+00
4.555129528045654297e+00
4.647698879241943359e+00
4.814104557037353516e+00
4.541988849639892578e+00
4.796607971191406250e+00
4.750640392303466797e+00
4.680417060852050781e+00
4.600811958312988281e+00
4.817653179168701172e+00
4.822881698608398438e+00
4.632069587707519531e+00
4.694465160369873047e+00
4.958025455474853516e+00
4.780125617980957031e+00
4.731874465942382812e+00
4.592639923095703125e+00
4.718679428100585938e+00
4.652267456054687500e+00
4.755820274353027344e+00
4.587754726409912109e+00
4.879287719726562500e+00
4.757903575897216797e+00
4.838433265686035156e+00
4.724039554595947266e+00
4.623909950256347656e+00
4.669642925262451172e+00
4.724298477172851562e+00
4.810909271240234375e+00
4.758140087127685547e+00
4.647466182708740234e+00
4.599001884460449219e+00
4.818796157836914062e+00
4.764173507690429688e+00
4.677644729614257812e+00
4.716911315917968750e+00
4.609540462493896484e+00
4.635932922363281250e+00
4.804734706878662109e+00
4.676570415496826172e+00
4.658368110656738281e+00
4.731443881988525391e+00
4.630079746246337891e+00
4.747506618499755859e+00
4.558319568634033203e+00
4.661599159240722656e+00
4.621829509735107422e+00
4.768305778503417969e+00
4.722344875335693359e+00
4.704218864440917969e+00
4.597531795501708984e+00
4.630746364593505859e+00
4.778931140899658203e+00
4.697813987731933594e+00
4.823879241943359375e+00
4.801886558532714844e+00
4.686915397644042969e+00
4.641695976257324219e+00
4.760020732879638672e+00
4.705058574676513672e+00
4.641482830047607422e+00
4.730610847473144531e+00
4.716501712799072266e+00
4.775788307189941406e+00
4.623908042907714844e+00
4.644904613494873047e+00
4.846915721893310547e+00
4.604403972625732422e+00
4.809644699096679688e+00
4.598932266235351562e+00
4.786249637603759766e+00
4.718667507171630859e+00
4.722207546234130859e+00
4.726532459259033203e+00
4.642061710357666016e+00
4.744339466094970703e+00
4.690840244293212891e+00
4.658612251281738281e+00
4.694216251373291016e+00
4.693131923675537109e+00
4.829163551330566406e+00
4.691679954528808594e+00
4.685133934020996094e+00
4.733700752258300781e+00
4.660829544067382812e+00
4.767718791961669922e+00
4.598269462585449219e+00
4.684045791625976562e+00
4.687320709228515625e+00
4.738611221313476562e+00
4.702011585235595703e+00
4.884596824645996094e+00
4.688539505004882812e+00
4.646042346954345703e+00
4.906616687774658203e+00
4.655399322509765625e+00
4.671823024749755859e+00
4.772068977355957031e+00
4.730891227722167969e+00
4.810035228729248047e+00
4.754988193511962891e+00
4.684055328369140625e+00
4.722801685333251953e+00
4.750457763671875000e+00
4.819755554199218750e+00
4.757956981658935547e+00
4.810502529144287109e+00
4.589181900024414062e+00
4.709261417388916016e+00
4.710708618164062500e+00
4.854330539703369141e+00
4.645653247833251953e+00
4.613572597503662109e+00
4.686239242553710938e+00
4.707471370697021484e+00
4.637670040130615234e+00
4.529258728027343750e+00
4.981944084167480469e+00
4.633625984191894531e+00
4.728707313537597656e+00
4.718784332275390625e+00
4.603317737579345703e+00
4.711147308349609375e+00
4.528932094573974609e+00
4.618295669555664062e+00
4.689413547515869141e+00
4.761117458343505859e+00
4.787267208099365234e+00
4.559846878051757812e+00
4.753757476806640625e+00
4.771153926849365234e+00
4.873629093170166016e+00
4.685702323913574219e+00
4.740484237670898438e+00
4.808346748352050781e+00
4.637520790100097656e+00
4.609426975250244141e+00
4.727173328399658203e+00
4.673988819122314453e+00
4.649850368499755859e+00
4.816576957702636719e+00
4.665571212768554688e+00
4.591776847839355469e+00
4.643576622009277344e+00
4.801305770874023438e+00
4.848936557769775391e+00
4.778195381164550781e+00
4.585404396057128906e+00
4.660907268524169922e+00
4.813661575317382812e+00
4.681821823120117188e+00
4.717443466186523438e+00
4.623202323913574219e+00
4.729576587677001953e+00
4.713037967681884766e+00
4.761514186859130859e+00
4.591448783874511719e+00
4.884603500366210938e+00
4.640923500061035156e+00
4.685311317443847656e+00
4.700782299041748047e+00
4.620649814605712891e+00
4.823390007019042969e+00
4.645901679992675781e+00
4.771255970001220703e+00
4.615442276000976562e+00
4.680219650268554688e+00
4.779386997222900391e+00
4.634153842926025391e+00
4.721953868865966797e+00
4.570776462554931641e+00
4.909834384918212891e+00
4.567594051361083984e+00
4.708429336547851562e+00
4.575004577636718750e+00
4.639525890350341797e+00
4.562340736389160156e+00
4.744723796844482422e+00
4.659977912902832031e+00
4.585103988647460938e+00
4.720711708068847656e+00
4.886064052581787109e+00
4.592339038848876953e+00
4.743565559387207031e+00
4.830447673797607422e+00
4.716650962829589844e+00
4.718092441558837891e+00
4.767023086547851562e+00
4.735363483428955078e+00
4.807406902313232422e+00
4.662187576293945312e+00
4.686692714691162109e+00
4.701128005981445312e+00
4.928943634033203125e+00
4.746527194976806641e+00
4.817471504211425781e+00
4.629793167114257812e+00
4.850966930389404297e+00
4.589207172393798828e+00
4.725614547729492188e+00
4.600718975067138672e+00
4.567749977111816406e+00
4.790683269500732422e+00
4.561403751373291016e+00
4.871957778930664062e+00
4.598836421966552734e+00
4.691844940185546875e+00
4.716600418090820312e+00
4.580824851989746094e+00
4.745244979858398438e+00
4.490307807922363281e+00
4.762802124023437500e+00
4.705422878265380859e+00
4.782392024993896484e+00
4.619962692260742188e+00
4.679343700408935547e+00
4.673402786254882812e+00
4.692094326019287109e+00
4.714586257934570312e+00
4.701877593994140625e+00
4.796934604644775391e+00
4.627137660980224609e+00
4.809720039367675781e+00
4.693480014801025391e+00
4.898479938507080078e+00
4.755946636199951172e+00
4.656803607940673828e+00
4.669969081878662109e+00
4.689094066619873047e+00
4.737909317016601562e+00
4.852105617523193359e+00
4.715333938598632812e+00
4.837476730346679688e+00
4.696740627288818359e+00
4.753295421600341797e+00
4.829785346984863281e+00
4.606769561767578125e+00
4.745810031890869141e+00
4.828471183776855469e+00
4.741836547851562500e+00
4.686672687530517578e+00
4.720346927642822266e+00
4.559653282165527344e+00
4.544576644897460938e+00
5.131310462951660156e+00
4.555200099945068359e+00
4.649120807647705078e+00
4.873798370361328125e+00
4.733639717102050781e+00
4.651205062866210938e+00
4.520184516906738281e+00
4.826524257659912109e+00
4.629400730133056641e+00
4.643301963806152344e+00
4.759246826171875000e+00
4.621562957763671875e+00
4.640217304229736328e+00
4.690056800842285156e+00
4.649140357971191406e+00
4.616117954254150391e+00
4.688097953796386719e+00
4.587272167205810547e+00
4.710573673248291016e+00
4.731531620025634766e+00
4.889573574066162109e+00
4.755437850952148438e+00
4.678883075714111328e+00
4.642606735229492188e+00
4.789198398590087891e+00
4.856717109680175781e+00
4.735685348510742188e+00
4.672426223754882812e+00
4.843913078308105469e+00
4.749193191528320312e+00
4.776556968688964844e+00
4.622034549713134766e+00
4.874526500701904297e+00
4.681981086730957031e+00
4.620739936828613281e+00
4.716421127319335938e+00
4.724535942077636719e+00
4.709318637847900391e+00
4.715299606323242188e+00
4.711592674255371094e+00
4.942485809326171875e+00
4.594552040100097656e+00
4.751003742218017578e+00
4.683146953582763672e+00
4.656714439392089844e+00
4.767990589141845703e+00
4.700766086578369141e+00
4.808381557464599609e+00
4.685687541961669922e+00
4.705069541931152344e+00
4.807365417480468750e+00
4.774430751800537109e+00
4.646619319915771484e+00
4.708495616912841797e+00
4.651063919067382812e+00
4.748935699462890625e+00
4.758969306945800781e+00
4.727350234985351562e+00
4.763421058654785156e+00
4.623944282531738281e+00
4.681975364685058594e+00
4.731975078582763672e+00
4.642976284027099609e+00
4.821198463439941406e+00
4.689225673675537109e+00
4.776732444763183594e+00
4.672602176666259766e+00
4.905101776123046875e+00
4.606387138366699219e+00
4.740961074829101562e+00
4.720027923583984375e+00
4.649640083312988281e+00
4.730986595153808594e+00
4.610126972198486328e+00
4.772575855255126953e+00
4.691578865051269531e+00
5.245754718780517578e+00
4.809613704681396484e+00
4.615603446960449219e+00
4.674753665924072266e+00
4.749467372894287109e+00
4.627397060394287109e+00
4.927219867706298828e+00
4.726190090179443359e+00
4.686815261840820312e+00
4.723653793334960938e+00
4.771186351776123047e+00
4.758546352386474609e+00
4.818822383880615234e+00
4.647929191589355469e+00
4.781421661376953125e+00
4.591994285583496094e+00
4.623999595642089844e+00
4.820968627929687500e+00
4.610300064086914062e+00
4.901462554931640625e+00
4.715587615966796875e+00
4.594822883605957031e+00
4.669304370880126953e+00
4.666402816772460938e+00
4.712865352630615234e+00
4.919734001159667969e+00
4.673191070556640625e+00
4.898573875427246094e+00
4.705257892608642578e+00
4.711620330810546875e+00
4.723788738250732422e+00
4.634935379028320312e+00
4.666456699371337891e+00
4.680630207061767578e+00
4.737339973449707031e+00
4.538329124450683594e+00
4.735539913177490234e+00
4.659370899200439453e+00
4.526831150054931641e+00
4.859241962432861328e+00
4.817262649536132812e+00
4.892143249511718750e+00
4.761155128479003906e+00
4.834377288818359375e+00
4.679371833801269531e+00
4.708535194396972656e+00
4.723918914794921875e+00
4.802055358886718750e+00
4.671410560607910156e+00
4.807144165039062500e+00
4.814544200897216797e+00
4.762005329132080078e+00
4.747717857360839844e+00
4.561149597167968750e+00
4.809637546539306641e+00
4.731114864349365234e+00
4.569765090942382812e+00
4.755692005157470703e+00
4.619296550750732422e+00
4.706433773040771484e+00
4.918042182922363281e+00
4.697044849395751953e+00
4.743685722351074219e+00
4.544137954711914062e+00
4.800580978393554688e+00
4.697720527648925781e+00
4.751748561859130859e+00
4.730002880096435547e+00
4.524440288543701172e+00
4.793145656585693359e+00
4.706812381744384766e+00
4.602897644042968750e+00
4.765237808227539062e+00
4.707594394683837891e+00
4.699473857879638672e+00
4.835105419158935547e+00
4.587132930755615234e+00
4.857975482940673828e+00
4.726029396057128906e+00
4.903518676757812500e+00
4.698310852050781250e+00
4.833192348480224609e+00
4.744123458862304688e+00
4.853383541107177734e+00
4.754691600799560547e+00
4.706436157226562500e+00
4.780635356903076172e+00
4.756629943847656250e+00
4.690767288208007812e+00
4.579452514648437500e+00
4.646459579467773438e+00
4.634542465209960938e+00
4.696521759033203125e+00
4.735769271850585938e+00
4.947300910949707031e+00
4.682837009429931641e+00
4.755935668945312500e+00
4.780380249023437500e+00
4.609248161315917969e+00
4.712752342224121094e+00
4.650472164154052734e+00
4.725186347961425781e+00
4.621568202972412109e+00
4.764578819274902344e+00
4.623169898986816406e+00
4.823126792907714844e+00
4.763446331024169922e+00
4.837068080902099609e+00
4.681385517120361328e+00
4.978366374969482422e+00
4.752720355987548828e+00
4.555490970611572266e+00
4.923196315765380859e+00
4.686295986175537109e+00
4.821479797363281250e+00
5.098756313323974609e+00
4.698586463928222656e+00
4.710941314697265625e+00
4.752264976501464844e+00
4.940597534179687500e+00
4.653444290161132812e+00
4.731694221496582031e+00
4.867724418640136719e+00
4.767441272735595703e+00
4.726678371429443359e+00
4.697614192962646484e+00
4.757939338684082031e+00
4.680243968963623047e+00
4.700886249542236328e+00
4.652367115020751953e+00
4.668382167816162109e+00
4.753336429595947266e+00
4.771797180175781250e+00
4.617333889007568359e+00
4.604418754577636719e+00
4.686644554138183594e+00
4.769939422607421875e+00
4.716315746307373047e+00
4.859040260314941406e+00
4.819226741790771484e+00
4.675843715667724609e+00
4.837823390960693359e+00
4.628767967224121094e+00
5.081257343292236328e+00
4.625169754028320312e+00
4.964766502380371094e+00
4.680179595947265625e+00
4.807684421539306641e+00
4.582516193389892578e+00
4.742048263549804688e+00
4.730588436126708984e+00
4.633625507354736328e+00
4.821503162384033203e+00
4.719707489013671875e+00
4.778842926025390625e+00
4.876503467559814453e+00
4.711545467376708984e+00
4.761031627655029297e+00
4.716292858123779297e+00
4.838023662567138672e+00
4.787310600280761719e+00
4.762514591217041016e+00
4.664094924926757812e+00
4.733798980712890625e+00
4.684150695800781250e+00
4.674561023712158203e+00
4.692226886749267578e+00
4.566650867462158203e+00
4.767962455749511719e+00
4.694294929504394531e+00
4.635807991027832031e+00
4.657753467559814453e+00
4.629635334014892578e+00
4.685886383056640625e+00
4.763371944427490234e+00
4.642492294311523438e+00
4.663982391357421875e+00
4.726982593536376953e+00
4.885633945465087891e+00
4.799573898315429688e+00
4.704079151153564453e+00
4.706239223480224609e+00
4.670833110809326172e+00
4.791285037994384766e+00
4.851307392120361328e+00
4.795373439788818359e+00
4.707587242126464844e+00
4.704333782196044922e+00
4.624240875244140625e+00
4.631841182708740234e+00
4.872035026550292969e+00
4.673839092254638672e+00
4.929560661315917969e+00
4.477262020111083984e+00
4.640601634979248047e+00
4.782459259033203125e+00
4.655541419982910156e+00
4.972078800201416016e+00
4.620054244995117188e+00
4.927642822265625000e+00
4.666347026824951172e+00
4.709183216094970703e+00
4.617696762084960938e+00
4.710538387298583984e+00
4.700543403625488281e+00
4.604562759399414062e+00
4.709652900695800781e+00
4.714418411254882812e+00
4.818469524383544922e+00
4.874876022338867188e+00
4.726706504821777344e+00
4.813739776611328125e+00
4.669163703918457031e+00
4.564495086669921875e+00
4.798934936523437500e+00
4.738100528717041016e+00
4.797450542449951172e+00
4.710280895233154297e+00
4.839858531951904297e+00
4.688686370849609375e+00
4.699372768402099609e+00
4.764735698699951172e+00
4.651306152343750000e+00
4.725193023681640625e+00
5.023821353912353516e+00
4.628773212432861328e+00
4.798854827880859375e+00
4.697693824768066406e+00
4.711760520935058594e+00
4.622365951538085938e+00
4.844667911529541016e+00
4.734853267669677734e+00
4.832528591156005859e+00
4.658229827880859375e+00
4.782346725463867188e+00
4.844067573547363281e+00
4.736847877502441406e+00
4.706329345703125000e+00
4.576697349548339844e+00
5.001099586486816406e+00
4.613758087158203125e+00
4.625041961669921875e+00
4.612324714660644531e+00
4.716642856597900391e+00
4.610624313354492188e+00
4.466196537017822266e+00
4.725641250610351562e+00
4.584418296813964844e+00
4.831013202667236328e+00
4.780112266540527344e+00
4.705803871154785156e+00
4.685725688934326172e+00
4.829165458679199219e+00
4.694853305816650391e+00
4.591444015502929688e+00
4.658672809600830078e+00
4.759301662445068359e+00
4.715617656707763672e+00
4.740732192993164062e+00
4.793388366699218750e+00
4.723463058471679688e+00
4.607815742492675781e+00
4.631208896636962891e+00
4.620193481445312500e+00
4.815205574035644531e+00
4.623967170715332031e+00
4.625851631164550781e+00
4.789690971374511719e+00
4.569133758544921875e+00
4.747764587402343750e+00
4.675727367401123047e+00
4.758857250213623047e+00
4.764482975006103516e+00
4.914104938507080078e+00
4.790754795074462891e+00
4.567869186401367188e+00
4.694213390350341797e+00
4.631117820739746094e+00
4.555120944976806641e+00
4.961692810058593750e+00
4.641911506652832031e+00
4.819873809814453125e+00
4.751024723052978516e+00
4.645571231842041016e+00
4.606670379638671875e+00
4.632207393646240234e+00
4.745171546936035156e+00
4.669268131256103516e+00
4.706484317779541016e+00
4.959794044494628906e+00
4.830000400543212891e+00
4.683697223663330078e+00
4.658048629760742188e+00
4.592087745666503906e+00
4.690881252288818359e+00
4.723621368408203125e+00
4.616031646728515625e+00
4.578851699829101562e+00
4.698761463165283203e+00
4.723260879516601562e+00
4.696495056152343750e+00
4.595191955566406250e+00
4.761350631713867188e+00
4.747204303741455078e+00
4.738001823425292969e+00
4.922313213348388672e+00
4.622980594635009766e+00
4.729677200317382812e+00
4.700072765350341797e+00
4.875412464141845703e+00
4.583034515380859375e+00
4.695044517517089844e+00
4.879413604736328125e+00
4.857580661773681641e+00
4.710902214050292969e+00
4.660728454589843750e+00
4.701141834259033203e+00
4.698966979980468750e+00
4.570021629333496094e+00
4.750323295593261719e+00
4.650512218475341797e+00
4.596766471862792969e+00
4.896497726440429688e+00
4.747613430023193359e+00
4.530016422271728516e+00
4.651844024658203125e+00
4.797775745391845703e+00
4.627778530120849609e+00
4.705910682678222656e+00
4.794510841369628906e+00
4.688691616058349609e+00
4.761872291564941406e+00
4.593744754791259766e+00
4.554883003234863281e+00
4.695452213287353516e+00
4.700253486633300781e+00
4.717415809631347656e+00
4.732377052307128906e+00
4.749073028564453125e+00
4.666669845581054688e+00
4.768170356750488281e+00
4.677109718322753906e+00
4.659603118896484375e+00
4.760817050933837891e+00
4.547572135925292969e+00
4.902267456054687500e+00
4.620560646057128906e+00
4.855055809020996094e+00
4.812530517578125000e+00
4.846317768096923828e+00
4.680597782135009766e+00
4.714398384094238281e+00
4.953218936920166016e+00
4.661008834838867188e+00
4.635752201080322266e+00
4.743747711181640625e+00
4.534978389739990234e+00
4.758988380432128906e+00
4.670874595642089844e+00
4.798725128173828125e+00
4.765061855316162109e+00
4.731817722320556641e+00
4.734048366546630859e+00
4.674208164215087891e+00
4.749071121215820312e+00
4.598136901855468750e+00
4.653548240661621094e+00
4.727711677551269531e+00
4.698173999786376953e+00
4.633248329162597656e+00
4.652775287628173828e+00
4.712852478027343750e+00
4.662721633911132812e+00
4.759441852569580078e+00
4.738659381866455078e+00
4.708877086639404297e+00
4.738611221313476562e+00
4.698464393615722656e+00
4.636405944824218750e+00
4.728188991546630859e+00
4.580588340759277344e+00
4.793328762054443359e+00
4.620579719543457031e+00
4.853055953979492188e+00
4.756018638610839844e+00
4.835659027099609375e+00
4.618724346160888672e+00
4.903259277343750000e+00
4.757882118225097656e+00
4.775898933410644531e+00
4.643876552581787109e+00
4.676916122436523438e+00
4.838473320007324219e+00
4.721545696258544922e+00
4.787435531616210938e+00
4.809302806854248047e+00
4.678676605224609375e+00
4.726543903350830078e+00
4.703920841217041016e+00
4.975741863250732422e+00
4.644753932952880859e+00
4.787759304046630859e+00
4.700398921966552734e+00
4.622524261474609375e+00
4.747543334960937500e+00
4.726123809814453125e+00
4.797658920288085938e+00
4.703454494476318359e+00
4.725171089172363281e+00
4.691984653472900391e+00
4.608120441436767578e+00
4.652562618255615234e+00
4.863034725189208984e+00
4.712798118591308594e+00
4.660453319549560547e+00
4.710636138916015625e+00
4.611711502075195312e+00
4.760764598846435547e+00
4.781408786773681641e+00
4.702828407287597656e+00
4.671333789825439453e+00
4.795151710510253906e+00
4.685551643371582031e+00
4.648417472839355469e+00
4.684884548187255859e+00
4.619029521942138672e+00
4.634627819061279297e+00
4.844681262969970703e+00
4.638431549072265625e+00
4.700133800506591797e+00
4.767569065093994141e+00
4.894149303436279297e+00
4.795374393463134766e+00
4.793856143951416016e+00
4.649865627288818359e+00
4.810067653656005859e+00
4.671642780303955078e+00
4.676022052764892578e+00
4.629919528961181641e+00
4.910855293273925781e+00
4.498878955841064453e+00
4.706858158111572266e+00
4.605211734771728516e+00
4.678708076477050781e+00
4.691171169281005859e+00
4.646562099456787109e+00
4.802059650421142578e+00
4.625885963439941406e+00
4.735223770141601562e+00
4.681591510772705078e+00
4.803007125854492188e+00
4.676205158233642578e+00
4.784585475921630859e+00
4.773996829986572266e+00
4.627149105072021484e+00
4.687601566314697266e+00
4.618632316589355469e+00
4.753623485565185547e+00
4.680619239807128906e+00
4.710767269134521484e+00
4.609805107116699219e+00
4.715551853179931641e+00
4.554651737213134766e+00
4.658841133117675781e+00
4.743623256683349609e+00
4.746447563171386719e+00
4.688616275787353516e+00
4.695391654968261719e+00
4.789454460144042969e+00
4.666183471679687500e+00
4.619914054870605469e+00
4.737391471862792969e+00
4.648298263549804688e+00
4.838197708129882812e+00
4.775914192199707031e+00
4.854088783264160156e+00
4.755830287933349609e+00
4.708484649658203125e+00
4.696732521057128906e+00
4.921622753143310547e+00
4.577805519104003906e+00
4.664135932922363281e+00
4.723445892333984375e+00
4.643575668334960938e+00
4.673187255859375000e+00
4.567231655120849609e+00
4.932281494140625000e+00
4.714649200439453125e+00
4.685819625854492188e+00
4.652043819427490234e+00
4.720679759979248047e+00
4.828523635864257812e+00
4.731665611267089844e+00
4.645417213439941406e+00
4.680085659027099609e+00
4.804577827453613281e+00
4.670180320739746094e+00
4.634545803070068359e+00
4.678308010101318359e+00
4.720911502838134766e+00
4.755794525146484375e+00
4.680929183959960938e+00
4.729890346527099609e+00
4.710903644561767578e+00
4.736113071441650391e+00
4.636235237121582031e+00
4.661469936370849609e+00
4.705846309661865234e+00
4.724160194396972656e+00
4.814632892608642578e+00
4.569520473480224609e+00
4.736755371093750000e+00
4.662171840667724609e+00
4.948207855224609375e+00
4.689773559570312500e+00
4.676585197448730469e+00
4.728919982910156250e+00
4.817338466644287109e+00
4.694990158081054688e+00
4.801840782165527344e+00
4.629577636718750000e+00
4.692624568939208984e+00
4.794795036315917969e+00
4.647638797760009766e+00
4.650564193725585938e+00
4.678347110748291016e+00
4.854558467864990234e+00
4.630996227264404297e+00
4.835382938385009766e+00
4.648671150207519531e+00
4.698228836059570312e+00
4.718027114868164062e+00
4.698392868041992188e+00
4.778940200805664062e+00
4.738180160522460938e+00
4.729063034057617188e+00
4.698295116424560547e+00
4.652693271636962891e+00
4.663135051727294922e+00
4.626805782318115234e+00
4.728582382202148438e+00
4.662443161010742188e+00
4.754337310791015625e+00
4.639671802520751953e+00
4.718896865844726562e+00
4.766337394714355469e+00
4.603848934173583984e+00
4.716574192047119141e+00
4.767460346221923828e+00
4.685179710388183594e+00
4.700070381164550781e+00
4.791021823883056641e+00
4.668682575225830078e+00
4.881839752197265625e+00
4.786645412445068359e+00
4.727315425872802734e+00
4.650611877441406250e+00
4.735785007476806641e+00
4.759420394897460938e+00
4.757411479949951172e+00
4.641109466552734375e+00
4.759027957916259766e+00
4.729830265045166016e+00
4.626941680908203125e+00
4.690628528594970703e+00
4.736774921417236328e+00
4.846071720123291016e+00
4.562826156616210938e+00
4.720067501068115234e+00
4.620201587677001953e+00
4.710515022277832031e+00
4.767981529235839844e+00
4.718786716461181641e+00
4.782494544982910156e+00
4.649497032165527344e+00
4.746412754058837891e+00
4.718609809875488281e+00
4.606502056121826172e+00
4.688014984130859375e+00
4.693834304809570312e+00
4.667396068572998047e+00
4.669667720794677734e+00
4.749272823333740234e+00
4.562549591064453125e+00
4.747154235839843750e+00
4.648594856262207031e+00
4.730191230773925781e+00
4.690795421600341797e+00
4.677528381347656250e+00
4.705209255218505859e+00
4.722498416900634766e+00
4.848450660705566406e+00
4.750373363494873047e+00
4.702132225036621094e+00
4.703385829925537109e+00
4.735208988189697266e+00
4.661927223205566406e+00
4.651347160339355469e+00
4.799857616424560547e+00
4.637116432189941406e+00
4.746494770050048828e+00
4.723101139068603516e+00
4.701620578765869141e+00
4.554245471954345703e+00
4.701681613922119141e+00
4.684145927429199219e+00
4.768746376037597656e+00
4.650586128234863281e+00
4.768508434295654297e+00
4.647344589233398438e+00
