5.116900444030761719e+00
5.141026020050048828e+00
5.130450248718261719e+00
5.114383697509765625e+00
5.111452102661132812e+00
5.144332408905029297e+00
5.114961624145507812e+00
5.115628719329833984e+00
5.143066406250000000e+00
5.150413513183593750e+00
5.144088268280029297e+00
5.133151531219482422e+00
5.125006675720214844e+00
5.106232166290283203e+00
5.088644504547119141e+00
5.091418743133544922e+00
5.117764949798583984e+00
5.095907211303710938e+00
5.118684768676757812e+00
5.102934360504150391e+00
5.094453334808349609e+00
5.092099189758300781e+00
5.099596977233886719e+00
5.112571239471435547e+00
5.091534137725830078e+00
5.106645107269287109e+00
5.089630126953125000e+00
5.110516071319580078e+00
5.106819629669189453e+00
5.106365680694580078e+00
5.117928981781005859e+00
5.118749618530273438e+00
5.124800205230712891e+00
5.098494052886962891e+00
5.117044448852539062e+00
5.116044044494628906e+00
5.130718231201171875e+00
5.149430751800537109e+00
5.114877700805664062e+00
5.116620540618896484e+00
5.128761768341064453e+00
5.158985614776611328e+00
5.131999969482421875e+00
5.123126983642578125e+00
5.116127967834472656e+00
5.152081489562988281e+00
5.151377677917480469e+00
5.175251007080078125e+00
5.180208683013916016e+00
5.126223564147949219e+00
5.130548954010009766e+00
5.120529651641845703e+00
5.125967979431152344e+00
5.113102912902832031e+00
5.083677291870117188e+00
5.087407112121582031e+00
5.122470855712890625e+00
5.106026172637939453e+00
5.125510692596435547e+00
5.086497306823730469e+00
5.100512027740478516e+00
5.096836090087890625e+00
5.087793350219726562e+00
5.114593029022216797e+00
5.102816104888916016e+00
5.099524974822998047e+00
5.109093189239501953e+00
5.087255954742431641e+00
5.113275527954101562e+00
5.141295433044433594e+00
5.107369422912597656e+00
5.136116027832031250e+00
5.127168655395507812e+00
5.100928306579589844e+00
5.124295234680175781e+00
5.101357936859130859e+00
5.128965854644775391e+00
5.138509273529052734e+00
5.120219707489013672e+00
5.158077716827392578e+00
5.161991596221923828e+00
5.175376415252685547e+00
5.155499935150146484e+00
5.125013351440429688e+00
5.109557151794433594e+00
5.148772239685058594e+00
5.128207683563232422e+00
5.159789085388183594e+00
5.167469501495361328e+00
5.145541667938232422e+00
5.131739616394042969e+00
5.118084907531738281e+00
5.143085479736328125e+00
5.117129325866699219e+00
5.100214481353759766e+00
5.094605922698974609e+00
5.111810207366943359e+00
5.101788043975830078e+00
5.109903335571289062e+00
5.118303775787353516e+00
5.112457752227783203e+00
5.115698814392089844e+00
5.078273773193359375e+00
5.123467445373535156e+00
5.120408535003662109e+00
5.089924812316894531e+00
5.097545623779296875e+00
5.106025695800781250e+00
5.134753704071044922e+00
5.124034404754638672e+00
5.099235057830810547e+00
5.115786552429199219e+00
5.115341186523437500e+00
5.085609912872314453e+00
5.143473148345947266e+00
5.084752082824707031e+00
5.109117031097412109e+00
5.130337715148925781e+00
5.122008323669433594e+00
5.152849674224853516e+00
5.141654491424560547e+00
5.152217388153076172e+00
5.133214473724365234e+00
5.127688884735107422e+00
5.110601425170898438e+00
5.129561901092529297e+00
5.122084140777587891e+00
5.132366180419921875e+00
5.148287296295166016e+00
5.128892421722412109e+00
5.154992103576660156e+00
5.127880573272705078e+00
5.137784957885742188e+00
5.137984275817871094e+00
5.127843856811523438e+00
5.125918388366699219e+00
5.107217311859130859e+00
5.121747493743896484e+00
5.107531070709228516e+00
5.116423606872558594e+00
5.112004280090332031e+00
5.103038311004638672e+00
5.117580890655517578e+00
5.127035140991210938e+00
5.109985828399658203e+00
5.096002101898193359e+00
5.107952594757080078e+00
5.105668067932128906e+00
5.129574298858642578e+00
5.120123386383056641e+00
5.103507041931152344e+00
5.130223274230957031e+00
5.103282928466796875e+00
5.095435619354248047e+00
5.128982067108154297e+00
5.115139007568359375e+00
5.112277984619140625e+00
5.131639003753662109e+00
5.121829032897949219e+00
5.153170585632324219e+00
5.115959167480468750e+00
5.156252861022949219e+00
5.121240615844726562e+00
5.152067184448242188e+00
5.129656314849853516e+00
5.142310619354248047e+00
5.120723247528076172e+00
5.117618560791015625e+00
5.146406173706054688e+00
5.107673645019531250e+00
5.149384975433349609e+00
5.145840644836425781e+00
5.123882770538330078e+00
5.160209655761718750e+00
5.146541118621826172e+00
5.122765064239501953e+00
5.108855247497558594e+00
5.106523513793945312e+00
5.116524219512939453e+00
5.118363380432128906e+00
5.115601539611816406e+00
5.116783618927001953e+00
5.153596878051757812e+00
5.124253749847412109e+00
5.126439571380615234e+00
5.140362262725830078e+00
5.139467716217041016e+00
5.117867946624755859e+00
5.124765872955322266e+00
5.148277759552001953e+00
5.111610889434814453e+00
5.119574546813964844e+00
5.105116844177246094e+00
5.111288070678710938e+00
5.107229232788085938e+00
5.122597217559814453e+00
5.136862754821777344e+00
5.127427577972412109e+00
5.128254413604736328e+00
5.150674819946289062e+00
5.121305465698242188e+00
5.153294086456298828e+00
5.126433372497558594e+00
5.149236202239990234e+00
5.140797138214111328e+00
5.132140159606933594e+00
5.125834941864013672e+00
5.120757102966308594e+00
5.134596824645996094e+00
5.121475219726562500e+00
5.142245292663574219e+00
5.139202594757080078e+00
5.121216773986816406e+00
5.153563499450683594e+00
5.144801139831542969e+00
5.153573989868164062e+00
5.146954059600830078e+00
5.131797313690185547e+00
5.120497226715087891e+00
5.126981735229492188e+00
5.125370979309082031e+00
5.136010646820068359e+00
5.145994663238525391e+00
5.125197887420654297e+00
5.110383510589599609e+00
5.117526531219482422e+00
5.106495380401611328e+00
5.126307487487792969e+00
5.116511821746826172e+00
5.143419742584228516e+00
5.114112854003906250e+00
5.115535259246826172e+00
5.114840030670166016e+00
5.110680580139160156e+00
5.119150638580322266e+00
5.118752002716064453e+00
5.134968757629394531e+00
5.133157730102539062e+00
5.130244731903076172e+00
5.142602920532226562e+00
5.139713287353515625e+00
5.132512569427490234e+00
5.136679649353027344e+00
5.159709453582763672e+00
5.134244441986083984e+00
5.129894733428955078e+00
5.154487133026123047e+00
5.104106426239013672e+00
5.138386249542236328e+00
5.127408027648925781e+00
5.143715858459472656e+00
5.176289558410644531e+00
5.127151012420654297e+00
5.138479709625244141e+00
5.133226394653320312e+00
5.126745223999023438e+00
5.136080265045166016e+00
5.135527133941650391e+00
5.110555171966552734e+00
5.120960712432861328e+00
5.130295753479003906e+00
5.116267681121826172e+00
5.147880554199218750e+00
5.146481037139892578e+00
5.107175827026367188e+00
5.099425315856933594e+00
5.101832866668701172e+00
5.110111236572265625e+00
5.121349334716796875e+00
5.147058010101318359e+00
5.095449924468994141e+00
5.114625453948974609e+00
5.132384300231933594e+00
5.109743118286132812e+00
5.119462013244628906e+00
5.118643760681152344e+00
5.130366325378417969e+00
5.121350288391113281e+00
5.145046710968017578e+00
5.150854110717773438e+00
5.129479885101318359e+00
5.131324291229248047e+00
5.159093856811523438e+00
5.170998096466064453e+00
5.133801937103271484e+00
5.111089229583740234e+00
5.163410663604736328e+00
5.105035781860351562e+00
5.159606933593750000e+00
5.136231899261474609e+00
5.144888877868652344e+00
5.182978630065917969e+00
5.110410690307617188e+00
5.113449573516845703e+00
5.116563320159912109e+00
5.120142936706542969e+00
5.139795303344726562e+00
5.140295028686523438e+00
5.097785472869873047e+00
5.137039184570312500e+00
5.135141849517822266e+00
5.131823539733886719e+00
5.139449596405029297e+00
5.136099815368652344e+00
5.128578662872314453e+00
5.103834152221679688e+00
5.120507717132568359e+00
5.130268096923828125e+00
5.138777732849121094e+00
5.140234947204589844e+00
5.123026847839355469e+00
5.128210544586181641e+00
5.151879787445068359e+00
5.148558139801025391e+00
5.136501789093017578e+00
5.129894733428955078e+00
5.141419410705566406e+00
5.147423744201660156e+00
5.151857852935791016e+00
5.158316612243652344e+00
5.130970478057861328e+00
5.152323246002197266e+00
5.150417327880859375e+00
5.165172100067138672e+00
5.124139785766601562e+00
5.108405590057373047e+00
5.140173435211181641e+00
5.097972393035888672e+00
5.158360004425048828e+00
5.119659423828125000e+00
5.150866985321044922e+00
5.178161621093750000e+00
5.136244773864746094e+00
5.114754676818847656e+00
5.132529258728027344e+00
5.135568618774414062e+00
5.149443149566650391e+00
5.138305664062500000e+00
5.119905471801757812e+00
5.149263858795166016e+00
5.135637760162353516e+00
5.116551876068115234e+00
5.143202781677246094e+00
5.138981819152832031e+00
5.154861927032470703e+00
5.106172561645507812e+00
5.112382411956787109e+00
5.127178668975830078e+00
5.145348548889160156e+00
5.140745639801025391e+00
5.117557525634765625e+00
5.142152786254882812e+00
5.147328853607177734e+00
5.134117126464843750e+00
5.143048763275146484e+00
5.122334957122802734e+00
5.146546363830566406e+00
5.161302089691162109e+00
5.120936393737792969e+00
5.157784938812255859e+00
5.141602516174316406e+00
5.150660037994384766e+00
5.107661724090576172e+00
5.192742347717285156e+00
5.151499271392822266e+00
5.124799728393554688e+00
5.149815082550048828e+00
5.127763748168945312e+00
5.137655258178710938e+00
5.136891365051269531e+00
5.138478279113769531e+00
5.152482986450195312e+00
5.137649059295654297e+00
5.142732620239257812e+00
5.123410224914550781e+00
5.107732295989990234e+00
5.111643314361572266e+00
5.129836082458496094e+00
5.149167537689208984e+00
5.130687713623046875e+00
5.127530574798583984e+00
5.129354476928710938e+00
5.128037929534912109e+00
5.134846687316894531e+00
5.157462120056152344e+00
5.111610889434814453e+00
5.111947536468505859e+00
5.112473964691162109e+00
5.127196311950683594e+00
5.120910167694091797e+00
5.134834289550781250e+00
5.126843929290771484e+00
5.113781929016113281e+00
5.141811370849609375e+00
5.147972583770751953e+00
5.123666286468505859e+00
5.140015125274658203e+00
5.181578636169433594e+00
5.121861457824707031e+00
5.144362449645996094e+00
5.148327350616455078e+00
5.156745433807373047e+00
5.115997791290283203e+00
5.185936927795410156e+00
5.141070365905761719e+00
5.156609058380126953e+00
5.174830436706542969e+00
5.151512622833251953e+00
5.136272430419921875e+00
5.150239944458007812e+00
5.152294635772705078e+00
5.138542652130126953e+00
5.130665302276611328e+00
5.165550231933593750e+00
5.122395992279052734e+00
5.111587524414062500e+00
5.140571594238281250e+00
5.142998218536376953e+00
5.145202636718750000e+00
5.152528285980224609e+00
5.151521682739257812e+00
5.125903606414794922e+00
5.136084079742431641e+00
5.126958847045898438e+00
5.139312267303466797e+00
5.144093513488769531e+00
5.124713420867919922e+00
5.099981307983398438e+00
5.126034259796142578e+00
5.111413002014160156e+00
5.151242256164550781e+00
5.127856731414794922e+00
5.098334312438964844e+00
5.144655227661132812e+00
5.134560108184814453e+00
5.118470191955566406e+00
5.156498908996582031e+00
5.198785781860351562e+00
5.138758659362792969e+00
5.142230987548828125e+00
5.162895202636718750e+00
5.137662410736083984e+00
5.132938861846923828e+00
5.177862167358398438e+00
5.177216053009033203e+00
5.148802757263183594e+00
5.144071578979492188e+00
5.142606735229492188e+00
5.145277500152587891e+00
5.173290252685546875e+00
5.166262626647949219e+00
5.158229827880859375e+00
5.134771823883056641e+00
5.169128894805908203e+00
5.141613483428955078e+00
5.133554458618164062e+00
5.140213966369628906e+00
5.158868312835693359e+00
5.140287399291992188e+00
5.132524490356445312e+00
5.165107727050781250e+00
5.122732639312744141e+00
5.140833377838134766e+00
5.152305603027343750e+00
5.140768051147460938e+00
5.150671958923339844e+00
5.131294727325439453e+00
5.111707687377929688e+00
5.160304069519042969e+00
5.132317066192626953e+00
5.164419174194335938e+00
5.144491672515869141e+00
5.136155128479003906e+00
5.145925045013427734e+00
5.158765792846679688e+00
5.130836486816406250e+00
5.158920288085937500e+00
5.170946121215820312e+00
5.158680438995361328e+00
5.145899772644042969e+00
5.139287471771240234e+00
5.134637355804443359e+00
5.143829345703125000e+00
5.177747249603271484e+00
5.150145053863525391e+00
5.120360851287841797e+00
5.171704292297363281e+00
5.143801212310791016e+00
5.142377376556396484e+00
5.135270118713378906e+00
5.174580574035644531e+00
5.150064468383789062e+00
5.156324386596679688e+00
5.155965328216552734e+00
5.165849685668945312e+00
5.122057914733886719e+00
5.132202148437500000e+00
5.145313739776611328e+00
5.146341323852539062e+00
5.130104541778564453e+00
5.145524978637695312e+00
5.143820762634277344e+00
5.127040863037109375e+00
5.132604598999023438e+00
5.126935958862304688e+00
5.143321514129638672e+00
5.135382175445556641e+00
5.144149780273437500e+00
5.172063350677490234e+00
5.130143642425537109e+00
5.149456977844238281e+00
5.144108772277832031e+00
5.123642921447753906e+00
5.136531829833984375e+00
5.150235652923583984e+00
5.150422096252441406e+00
5.160502433776855469e+00
5.164105892181396484e+00
5.149678707122802734e+00
5.132180213928222656e+00
5.144721031188964844e+00
5.163253307342529297e+00
5.127589225769042969e+00
5.176147460937500000e+00
5.158355236053466797e+00
5.172476291656494141e+00
5.188573837280273438e+00
5.143379211425781250e+00
5.150261878967285156e+00
5.182824611663818359e+00
5.168994903564453125e+00
5.148592472076416016e+00
5.164818763732910156e+00
5.141366481781005859e+00
5.156697750091552734e+00
5.147988796234130859e+00
5.139980316162109375e+00
5.133944511413574219e+00
5.131419181823730469e+00
5.149661540985107422e+00
5.163169860839843750e+00
5.135941982269287109e+00
5.124398231506347656e+00
5.126594543457031250e+00
5.144381999969482422e+00
5.146629810333251953e+00
5.161565780639648438e+00
5.152606010437011719e+00
5.171057224273681641e+00
5.149796009063720703e+00
5.163037776947021484e+00
5.134951114654541016e+00
5.119636535644531250e+00
5.143468379974365234e+00
5.143628120422363281e+00
5.169665336608886719e+00
5.159102439880371094e+00
5.166285514831542969e+00
5.182612419128417969e+00
5.152470111846923828e+00
5.160406589508056641e+00
5.164829254150390625e+00
5.136966228485107422e+00
5.167366504669189453e+00
5.156000614166259766e+00
5.145627498626708984e+00
5.165322780609130859e+00
5.135238647460937500e+00
5.144104003906250000e+00
5.168709278106689453e+00
5.159939289093017578e+00
5.151718616485595703e+00
5.165273666381835938e+00
5.146448135375976562e+00
5.156091213226318359e+00
5.176065444946289062e+00
5.143834590911865234e+00
5.160670280456542969e+00
5.144963264465332031e+00
5.135977745056152344e+00
5.142888545989990234e+00
5.147238254547119141e+00
5.147583961486816406e+00
5.151563644409179688e+00
5.159533023834228516e+00
5.166570663452148438e+00
5.173981666564941406e+00
5.145402908325195312e+00
5.144518375396728516e+00
5.147117614746093750e+00
5.166904926300048828e+00
5.150265693664550781e+00
5.139309883117675781e+00
5.148331165313720703e+00
5.160655021667480469e+00
5.162098407745361328e+00
5.149419307708740234e+00
5.159429550170898438e+00
5.166519165039062500e+00
5.152452945709228516e+00
5.141811847686767578e+00
5.169746398925781250e+00
5.134027957916259766e+00
5.178891658782958984e+00
5.147007942199707031e+00
5.152290344238281250e+00
5.144929885864257812e+00
5.169833183288574219e+00
5.133821010589599609e+00
5.157146930694580078e+00
5.161303997039794922e+00
5.149156570434570312e+00
5.166440963745117188e+00
5.132919788360595703e+00
5.157807350158691406e+00
5.158598899841308594e+00
5.158160209655761719e+00
5.175750255584716797e+00
5.160865783691406250e+00
5.156354904174804688e+00
5.139706134796142578e+00
5.166186809539794922e+00
5.152575016021728516e+00
5.163166046142578125e+00
5.151215076446533203e+00
5.152142524719238281e+00
5.167536735534667969e+00
5.145849704742431641e+00
5.154129981994628906e+00
5.143197536468505859e+00
5.156754493713378906e+00
5.150706291198730469e+00
5.131669044494628906e+00
5.127643108367919922e+00
5.149514675140380859e+00
5.143520355224609375e+00
5.160574436187744141e+00
5.176309585571289062e+00
5.149046421051025391e+00
5.149008750915527344e+00
5.142342090606689453e+00
5.160787582397460938e+00
5.143383026123046875e+00
5.151770591735839844e+00
5.141600131988525391e+00
5.133452415466308594e+00
5.139534950256347656e+00
5.171957015991210938e+00
5.147968292236328125e+00
5.155546665191650391e+00
5.167154312133789062e+00
5.184493064880371094e+00
5.175217628479003906e+00
5.146270751953125000e+00
5.153074741363525391e+00
5.162312984466552734e+00
5.158734798431396484e+00
5.163852214813232422e+00
5.189216136932373047e+00
5.180475711822509766e+00
5.148216724395751953e+00
5.148112773895263672e+00
5.154730796813964844e+00
5.169723033905029297e+00
5.146619796752929688e+00
5.139496326446533203e+00
5.145198822021484375e+00
5.147428512573242188e+00
5.129602432250976562e+00
5.144874572753906250e+00
5.141391754150390625e+00
5.161837577819824219e+00
5.137033462524414062e+00
5.143212795257568359e+00
5.190587520599365234e+00
5.150449275970458984e+00
5.154358863830566406e+00
5.154951095581054688e+00
5.139494419097900391e+00
5.138957977294921875e+00
5.144681453704833984e+00
5.168533325195312500e+00
5.157677173614501953e+00
5.150564670562744141e+00
5.155813217163085938e+00
5.137519359588623047e+00
5.141670227050781250e+00
5.136457443237304688e+00
5.138289928436279297e+00
5.151118755340576172e+00
5.170798301696777344e+00
5.194161891937255859e+00
5.166357040405273438e+00
5.140873432159423828e+00
5.158768177032470703e+00
5.148166179656982422e+00
5.163829326629638672e+00
5.162476539611816406e+00
5.143676280975341797e+00
5.166294574737548828e+00
5.158363342285156250e+00
5.144869804382324219e+00
5.146272659301757812e+00
5.166288852691650391e+00
5.169025421142578125e+00
5.149168968200683594e+00
5.150124549865722656e+00
5.165030479431152344e+00
5.136742591857910156e+00
5.134874343872070312e+00
5.159164428710937500e+00
5.147305965423583984e+00
5.146872520446777344e+00
5.155238151550292969e+00
5.153045177459716797e+00
5.165317058563232422e+00
5.152812480926513672e+00
5.132165431976318359e+00
5.138870716094970703e+00
5.123661518096923828e+00
5.158333778381347656e+00
5.162594795227050781e+00
5.133230686187744141e+00
5.169476509094238281e+00
5.161030292510986328e+00
5.161908626556396484e+00
5.139998912811279297e+00
5.156956195831298828e+00
5.131173610687255859e+00
5.136787891387939453e+00
5.154045581817626953e+00
5.189674854278564453e+00
5.133534431457519531e+00
5.144401073455810547e+00
5.148420333862304688e+00
5.144471168518066406e+00
5.161288738250732422e+00
5.167706966400146484e+00
5.164422512054443359e+00
5.145441055297851562e+00
5.171107292175292969e+00
5.182309150695800781e+00
5.152034282684326172e+00
5.160684585571289062e+00
5.157083511352539062e+00
5.172620773315429688e+00
5.173738479614257812e+00
5.162189006805419922e+00
5.185026645660400391e+00
5.137797355651855469e+00
5.161049365997314453e+00
5.175219058990478516e+00
5.140504837036132812e+00
5.150760650634765625e+00
5.145463943481445312e+00
5.169355392456054688e+00
5.172374725341796875e+00
5.144229412078857422e+00
5.140318393707275391e+00
5.140167713165283203e+00
5.126017570495605469e+00
5.151657581329345703e+00
5.146719455718994141e+00
5.166867733001708984e+00
5.160871505737304688e+00
5.143914699554443359e+00
5.141762256622314453e+00
5.166958332061767578e+00
5.153800487518310547e+00
5.160463809967041016e+00
5.158763885498046875e+00
5.162608623504638672e+00
5.168721199035644531e+00
5.164405822753906250e+00
5.143887519836425781e+00
5.156662940979003906e+00
5.153595924377441406e+00
5.162683486938476562e+00
5.183010578155517578e+00
5.157361030578613281e+00
5.136860370635986328e+00
5.168673515319824219e+00
5.157097816467285156e+00
5.135807991027832031e+00
5.171416759490966797e+00
5.163349628448486328e+00
5.170378684997558594e+00
5.157125473022460938e+00
5.173057079315185547e+00
5.184130191802978516e+00
5.176959991455078125e+00
5.179180145263671875e+00
5.154724597930908203e+00
5.152481555938720703e+00
5.155879497528076172e+00
5.155289173126220703e+00
5.167579650878906250e+00
5.153558254241943359e+00
5.151642799377441406e+00
5.143468379974365234e+00
5.157379150390625000e+00
5.172720432281494141e+00
5.152071475982666016e+00
5.166612148284912109e+00
5.160511493682861328e+00
5.142794132232666016e+00
5.141894817352294922e+00
5.123443126678466797e+00
5.131497383117675781e+00
5.173897743225097656e+00
5.142145633697509766e+00
5.148047447204589844e+00
5.162197113037109375e+00
5.154956817626953125e+00
5.150888442993164062e+00
5.151058673858642578e+00
5.142923831939697266e+00
5.157402038574218750e+00
5.173091888427734375e+00
5.182041168212890625e+00
5.141558170318603516e+00
5.168339729309082031e+00
5.151539802551269531e+00
5.132214546203613281e+00
5.180685043334960938e+00
5.183369636535644531e+00
5.165026187896728516e+00
5.140354156494140625e+00
5.147477626800537109e+00
5.182426452636718750e+00
5.141557693481445312e+00
5.152729511260986328e+00
5.165184020996093750e+00
5.152413368225097656e+00
5.159184455871582031e+00
5.163871765136718750e+00
5.153778553009033203e+00
5.126005172729492188e+00
5.137966632843017578e+00
5.116277217864990234e+00
5.139976978302001953e+00
5.157951354980468750e+00
5.142809391021728516e+00
5.166803359985351562e+00
5.166480064392089844e+00
5.162324428558349609e+00
5.171463966369628906e+00
5.135365486145019531e+00
5.142604827880859375e+00
5.154071331024169922e+00
5.144646644592285156e+00
5.135787010192871094e+00
5.167052745819091797e+00
5.163028717041015625e+00
5.136515140533447266e+00
5.137086391448974609e+00
5.146110534667968750e+00
5.148860931396484375e+00
5.171103000640869141e+00
5.190779685974121094e+00
5.156946182250976562e+00
5.168969154357910156e+00
5.163015365600585938e+00
5.178786754608154297e+00
5.185394287109375000e+00
5.188214302062988281e+00
5.159289836883544922e+00
5.159876823425292969e+00
5.156894207000732422e+00
5.178365230560302734e+00
5.144300937652587891e+00
5.154349803924560547e+00
5.153615474700927734e+00
5.142395973205566406e+00
5.169811248779296875e+00
5.156244277954101562e+00
5.138724327087402344e+00
5.139081478118896484e+00
5.158606529235839844e+00
5.122527122497558594e+00
5.143560409545898438e+00
5.119355678558349609e+00
5.121058464050292969e+00
5.130167961120605469e+00
5.132308483123779297e+00
5.137636184692382812e+00
5.163938522338867188e+00
5.143009185791015625e+00
5.152790069580078125e+00
5.172880649566650391e+00
5.147763252258300781e+00
5.128659248352050781e+00
5.148701667785644531e+00
5.167838573455810547e+00
5.157989025115966797e+00
5.145283699035644531e+00
5.154711246490478516e+00
5.148852348327636719e+00
5.168599128723144531e+00
5.172324180603027344e+00
5.129788875579833984e+00
5.164263725280761719e+00
5.148733139038085938e+00
5.154134750366210938e+00
5.166488647460937500e+00
5.167156219482421875e+00
5.150706291198730469e+00
5.150893688201904297e+00
5.168619632720947266e+00
5.177055358886718750e+00
5.141388416290283203e+00
5.131126403808593750e+00
5.148134231567382812e+00
5.138518810272216797e+00
5.167455196380615234e+00
5.155558586120605469e+00
5.127303123474121094e+00
5.142405509948730469e+00
5.167852878570556641e+00
5.139114379882812500e+00
5.134334087371826172e+00
5.100545406341552734e+00
5.137688636779785156e+00
5.121584415435791016e+00
5.122152328491210938e+00
5.122520446777343750e+00
5.126024246215820312e+00
5.117900848388671875e+00
5.150767326354980469e+00
5.176732540130615234e+00
5.115724086761474609e+00
5.122464179992675781e+00
5.142872810363769531e+00
5.149606704711914062e+00
5.139899253845214844e+00
5.144304752349853516e+00
5.147738456726074219e+00
5.133629798889160156e+00
5.154144763946533203e+00
5.157486438751220703e+00
5.138463497161865234e+00
5.158696174621582031e+00
5.148123741149902344e+00
5.156696796417236328e+00
5.171884536743164062e+00
5.163143634796142578e+00
5.162275314331054688e+00
5.161385536193847656e+00
5.152181148529052734e+00
5.167335510253906250e+00
5.132288932800292969e+00
5.138258457183837891e+00
5.131708145141601562e+00
5.133454799652099609e+00
5.145597457885742188e+00
5.145791530609130859e+00
5.132254600524902344e+00
5.142938137054443359e+00
5.156472682952880859e+00
5.135276317596435547e+00
5.128807544708251953e+00
5.102410316467285156e+00
5.160761833190917969e+00
5.105686187744140625e+00
5.116068840026855469e+00
5.148268699645996094e+00
5.129257678985595703e+00
5.120368003845214844e+00
5.158687114715576172e+00
5.146242141723632812e+00
5.108987331390380859e+00
5.118364810943603516e+00
5.128341197967529297e+00
5.130822658538818359e+00
5.127491950988769531e+00
5.139719963073730469e+00
5.140859603881835938e+00
5.132205009460449219e+00
5.123614311218261719e+00
5.140393257141113281e+00
5.137917041778564453e+00
5.155105113983154297e+00
5.161137580871582031e+00
5.142470836639404297e+00
5.153235435485839844e+00
5.142233371734619141e+00
5.130597114562988281e+00
5.150431632995605469e+00
5.143488883972167969e+00
5.141910076141357422e+00
5.147919654846191406e+00
5.143577575683593750e+00
5.128876686096191406e+00
5.141183376312255859e+00
5.139541625976562500e+00
5.129790782928466797e+00
5.126475334167480469e+00
5.117689132690429688e+00
5.132026672363281250e+00
5.131361007690429688e+00
5.131173610687255859e+00
5.131092071533203125e+00
5.152616500854492188e+00
5.098148345947265625e+00
5.121601581573486328e+00
5.138725757598876953e+00
5.128579139709472656e+00
5.126565456390380859e+00
5.145631790161132812e+00
5.125676155090332031e+00
5.104526042938232422e+00
5.113485813140869141e+00
5.135521411895751953e+00
5.148683547973632812e+00
5.111874103546142578e+00
5.137163639068603516e+00
5.150639533996582031e+00
5.126381397247314453e+00
5.116111755371093750e+00
5.129689693450927734e+00
5.139429569244384766e+00
5.139349460601806641e+00
5.155216217041015625e+00
5.138003826141357422e+00
5.145276546478271484e+00
5.142023086547851562e+00
5.139282703399658203e+00
5.145835876464843750e+00
5.130295753479003906e+00
5.134460926055908203e+00
5.145549297332763672e+00
5.137183666229248047e+00
5.133532047271728516e+00
5.125678539276123047e+00
5.127699375152587891e+00
5.127939224243164062e+00
5.149428844451904297e+00
5.129256248474121094e+00
5.144207954406738281e+00
5.161520957946777344e+00
5.119867324829101562e+00
5.142752170562744141e+00
5.127739429473876953e+00
5.123204231262207031e+00
5.136041641235351562e+00
5.148067951202392578e+00
5.094650268554687500e+00
5.127037048339843750e+00
5.140552997589111328e+00
5.121097564697265625e+00
5.123465538024902344e+00
5.108302116394042969e+00
5.144885063171386719e+00
5.146006584167480469e+00
5.120382308959960938e+00
5.128942966461181641e+00
5.158442974090576172e+00
5.132188796997070312e+00
5.131546974182128906e+00
5.130712985992431641e+00
5.155004024505615234e+00
5.143764019012451172e+00
5.155066013336181641e+00
5.131955623626708984e+00
5.153595447540283203e+00
5.139297008514404297e+00
5.152109622955322266e+00
5.143060684204101562e+00
5.116664409637451172e+00
5.145504474639892578e+00
5.124596118927001953e+00
5.136836051940917969e+00
5.144643306732177734e+00
5.147726058959960938e+00
5.134100437164306641e+00
5.145226955413818359e+00
5.151178359985351562e+00
5.150117397308349609e+00
5.144323348999023438e+00
5.155629158020019531e+00
5.096060276031494141e+00
5.137155055999755859e+00
5.127800941467285156e+00
5.122475624084472656e+00
5.144167423248291016e+00
5.143250465393066406e+00
5.120856761932373047e+00
5.135879993438720703e+00
5.142988204956054688e+00
5.133940696716308594e+00
5.134430885314941406e+00
5.119081974029541016e+00
5.137055397033691406e+00
5.138448715209960938e+00
5.113106727600097656e+00
5.126697540283203125e+00
5.143654823303222656e+00
5.142009735107421875e+00
5.160560131072998047e+00
5.135771274566650391e+00
5.151257038116455078e+00
5.148869514465332031e+00
5.141200065612792969e+00
5.135386943817138672e+00
5.132928371429443359e+00
5.132955074310302734e+00
5.145078182220458984e+00
5.154389381408691406e+00
5.136280536651611328e+00
5.158744335174560547e+00
5.129156589508056641e+00
5.140035629272460938e+00
5.131947040557861328e+00
5.141672611236572266e+00
5.148281574249267578e+00
5.157002925872802734e+00
5.141122341156005859e+00
5.148409843444824219e+00
5.136425971984863281e+00
5.133460998535156250e+00
5.116710662841796875e+00
5.137775421142578125e+00
5.118270397186279297e+00
5.125548839569091797e+00
5.125661849975585938e+00
5.135718345642089844e+00
5.127553939819335938e+00
5.127739429473876953e+00
5.135668277740478516e+00
5.126651287078857422e+00
5.131377220153808594e+00
5.124709606170654297e+00
5.126593589782714844e+00
5.146768569946289062e+00
5.132836818695068359e+00
5.118730545043945312e+00
5.134518146514892578e+00
5.143861293792724609e+00
5.133143424987792969e+00
5.123395919799804688e+00
5.123694419860839844e+00
5.147309303283691406e+00
5.149724960327148438e+00
5.130040168762207031e+00
5.147535324096679688e+00
5.134540081024169922e+00
5.136317729949951172e+00
5.157040119171142578e+00
5.137138843536376953e+00
5.167358875274658203e+00
5.128037452697753906e+00
5.137144565582275391e+00
5.133284091949462891e+00
5.137701988220214844e+00
5.139629364013671875e+00
5.146575450897216797e+00
5.140070915222167969e+00
5.145420551300048828e+00
5.151463985443115234e+00
5.121895313262939453e+00
5.115371704101562500e+00
5.148604869842529297e+00
5.117676258087158203e+00
5.135337829589843750e+00
5.132165908813476562e+00
5.123745441436767578e+00
5.121755123138427734e+00
5.127584934234619141e+00
5.126835346221923828e+00
5.128187656402587891e+00
5.130980014801025391e+00
5.128041744232177734e+00
5.123620986938476562e+00
5.127293586730957031e+00
5.129785060882568359e+00
5.125624656677246094e+00
5.136161327362060547e+00
5.134584903717041016e+00
5.120529174804687500e+00
5.141593933105468750e+00
5.124504089355468750e+00
5.150595188140869141e+00
5.147143840789794922e+00
5.119870662689208984e+00
5.143396854400634766e+00
5.139442443847656250e+00
5.133014202117919922e+00
5.142478466033935547e+00
5.145332336425781250e+00
5.154490947723388672e+00
5.139750480651855469e+00
5.158266544342041016e+00
5.139375686645507812e+00
5.148714542388916016e+00
5.139646053314208984e+00
5.142677307128906250e+00
5.133316993713378906e+00
5.127690315246582031e+00
5.144560337066650391e+00
5.125257968902587891e+00
5.118024826049804688e+00
5.129398822784423828e+00
5.117908477783203125e+00
5.133586883544921875e+00
5.126605510711669922e+00
5.136519432067871094e+00
5.121855258941650391e+00
5.132004737854003906e+00
5.133323192596435547e+00
5.123671531677246094e+00
5.128347396850585938e+00
5.136537551879882812e+00
5.119900703430175781e+00
5.142178535461425781e+00
5.123403549194335938e+00
5.126144409179687500e+00
5.140593528747558594e+00
5.134469509124755859e+00
5.134978294372558594e+00
5.138881206512451172e+00
5.130488395690917969e+00
5.146901130676269531e+00
5.150238513946533203e+00
5.133907318115234375e+00
5.157860755920410156e+00
5.132677078247070312e+00
5.151572704315185547e+00
5.141113281250000000e+00
5.147460937500000000e+00
5.163797855377197266e+00
5.124442577362060547e+00
5.142217159271240234e+00
5.148231029510498047e+00
5.154594421386718750e+00
5.137670516967773438e+00
5.136404037475585938e+00
5.145684719085693359e+00
5.146252632141113281e+00
5.142916202545166016e+00
5.127331256866455078e+00
5.136371612548828125e+00
5.115502834320068359e+00
5.140932559967041016e+00
5.131668090820312500e+00
5.122586250305175781e+00
5.135333538055419922e+00
5.121322631835937500e+00
5.130690097808837891e+00
5.135131835937500000e+00
5.149627685546875000e+00
5.137298107147216797e+00
5.125480651855468750e+00
5.124159336090087891e+00
5.136070251464843750e+00
5.137453079223632812e+00
5.136984825134277344e+00
5.159095764160156250e+00
5.141979694366455078e+00
5.146144390106201172e+00
5.147118091583251953e+00
5.143040180206298828e+00
5.138345718383789062e+00
5.146175384521484375e+00
5.145316123962402344e+00
5.151441574096679688e+00
5.141441345214843750e+00
5.163048267364501953e+00
5.134962558746337891e+00
5.148364543914794922e+00
5.152287483215332031e+00
5.127524375915527344e+00
5.132293224334716797e+00
5.154592990875244141e+00
5.150238513946533203e+00
5.140357494354248047e+00
5.135007858276367188e+00
5.147561073303222656e+00
5.147248268127441406e+00
5.150779724121093750e+00
5.131178379058837891e+00
5.131913185119628906e+00
5.107133865356445312e+00
5.125731945037841797e+00
5.113149642944335938e+00
5.114900588989257812e+00
5.122594833374023438e+00
5.137598991394042969e+00
5.115807056427001953e+00
5.117653846740722656e+00
5.115829944610595703e+00
5.115431308746337891e+00
5.116202354431152344e+00
5.115343093872070312e+00
5.124238967895507812e+00
5.126990318298339844e+00
5.122534751892089844e+00
5.131161212921142578e+00
5.125951290130615234e+00
5.133723735809326172e+00
5.135529518127441406e+00
5.142648220062255859e+00
5.139429092407226562e+00
5.140936374664306641e+00
5.150189399719238281e+00
5.144579410552978516e+00
5.132499694824218750e+00
5.156188964843750000e+00
5.142137527465820312e+00
5.139007091522216797e+00
5.142433643341064453e+00
5.138754367828369141e+00
5.150166988372802734e+00
5.138602733612060547e+00
5.134754180908203125e+00
5.137674331665039062e+00
5.130095481872558594e+00
5.139116764068603516e+00
5.142488956451416016e+00
5.141677379608154297e+00
5.127474784851074219e+00
5.120869636535644531e+00
5.105389595031738281e+00
5.122511863708496094e+00
5.109958171844482422e+00
5.115517139434814453e+00
5.123411178588867188e+00
5.115362167358398438e+00
5.112892627716064453e+00
5.118094921112060547e+00
5.096507549285888672e+00
5.122004032135009766e+00
5.110010147094726562e+00
5.113640308380126953e+00
5.115581512451171875e+00
5.106163978576660156e+00
5.111318588256835938e+00
5.113047122955322266e+00
5.119542121887207031e+00
5.125329971313476562e+00
5.110079288482666016e+00
5.122118949890136719e+00
5.126002311706542969e+00
5.124615192413330078e+00
5.138908386230468750e+00
5.138878345489501953e+00
5.132682800292968750e+00
5.148067951202392578e+00
5.139915943145751953e+00
5.135941982269287109e+00
5.146697521209716797e+00
5.146431922912597656e+00
5.144124031066894531e+00
5.143699645996093750e+00
5.144602298736572266e+00
5.152406692504882812e+00
5.125290870666503906e+00
5.146904468536376953e+00
5.137287616729736328e+00
5.140421867370605469e+00
5.139054775238037109e+00
