3.188190460205078125e+00
3.197125911712646484e+00
3.194692850112915039e+00
3.203067541122436523e+00
3.177185297012329102e+00
3.186241626739501953e+00
3.240990161895751953e+00
3.205496072769165039e+00
3.185381650924682617e+00
3.198601007461547852e+00
3.191059350967407227e+00
3.190691471099853516e+00
3.141580104827880859e+00
3.233921289443969727e+00
3.193979263305664062e+00
3.224439382553100586e+00
3.231877803802490234e+00
3.249547481536865234e+00
3.177368164062500000e+00
3.174138545989990234e+00
3.188277721405029297e+00
3.199804306030273438e+00
3.154680252075195312e+00
3.212836742401123047e+00
3.211336374282836914e+00
3.209104299545288086e+00
3.243440628051757812e+00
3.220365524291992188e+00
3.263655662536621094e+00
3.263023138046264648e+00
3.250737667083740234e+00
3.246106386184692383e+00
3.184259414672851562e+00
3.168451786041259766e+00
3.180836200714111328e+00
3.161227226257324219e+00
3.188453674316406250e+00
3.157468795776367188e+00
3.176242351531982422e+00
3.246302843093872070e+00
3.204762458801269531e+00
3.264233589172363281e+00
3.237491607666015625e+00
3.249586343765258789e+00
3.264517784118652344e+00
3.259311676025390625e+00
3.225884437561035156e+00
3.245289802551269531e+00
3.241732120513916016e+00
3.215279817581176758e+00
3.213667392730712891e+00
3.205394268035888672e+00
3.175173044204711914e+00
3.169268846511840820e+00
3.172890186309814453e+00
3.177474021911621094e+00
3.176905632019042969e+00
3.174363851547241211e+00
3.227109670639038086e+00
3.222507476806640625e+00
3.240459680557250977e+00
3.255887031555175781e+00
3.217313766479492188e+00
3.249842643737792969e+00
3.239458799362182617e+00
3.251157999038696289e+00
3.233931779861450195e+00
3.226995468139648438e+00
3.206842422485351562e+00
3.248858690261840820e+00
3.276198863983154297e+00
3.269562721252441406e+00
3.228322029113769531e+00
3.171672344207763672e+00
3.194985628128051758e+00
3.179187536239624023e+00
3.162994384765625000e+00
3.181984186172485352e+00
3.181934595108032227e+00
3.173550844192504883e+00
3.153825044631958008e+00
3.228190422058105469e+00
3.217410326004028320e+00
3.209815979003906250e+00
3.244400501251220703e+00
3.221938848495483398e+00
3.250341653823852539e+00
3.228952646255493164e+00
3.243080854415893555e+00
3.230176210403442383e+00
3.238375663757324219e+00
3.214667797088623047e+00
3.243601560592651367e+00
3.252250909805297852e+00
3.264363288879394531e+00
3.232562065124511719e+00
3.223901987075805664e+00
3.243434906005859375e+00
3.350657939910888672e+00
3.370194435119628906e+00
3.182723760604858398e+00
3.191950559616088867e+00
3.156885623931884766e+00
3.170221567153930664e+00
3.185339212417602539e+00
3.166895389556884766e+00
3.173230409622192383e+00
3.163039684295654297e+00
3.187786102294921875e+00
3.214259386062622070e+00
3.213152647018432617e+00
3.242616176605224609e+00
3.218012809753417969e+00
3.232484102249145508e+00
3.208263874053955078e+00
3.212392091751098633e+00
3.226852416992187500e+00
3.201028347015380859e+00
3.207004308700561523e+00
3.230326652526855469e+00
3.220024585723876953e+00
3.270340204238891602e+00
3.224103689193725586e+00
3.235729694366455078e+00
3.241232395172119141e+00
3.363844871520996094e+00
3.371351480484008789e+00
3.202723741531372070e+00
3.261324405670166016e+00
3.196259498596191406e+00
3.187625885009765625e+00
3.159875869750976562e+00
3.162103891372680664e+00
3.181550025939941406e+00
3.171503543853759766e+00
3.157502889633178711e+00
3.185007333755493164e+00
3.154971599578857422e+00
3.179687738418579102e+00
3.214115381240844727e+00
3.219188451766967773e+00
3.231282711029052734e+00
3.220898866653442383e+00
3.208253860473632812e+00
3.191112518310546875e+00
3.217723846435546875e+00
3.194725036621093750e+00
3.229079246520996094e+00
3.210635423660278320e+00
3.235704660415649414e+00
3.216978549957275391e+00
3.256677150726318359e+00
3.207599163055419922e+00
3.241181850433349609e+00
3.227569103240966797e+00
3.359071969985961914e+00
3.361332654953002930e+00
3.189369201660156250e+00
3.257345676422119141e+00
3.201114654541015625e+00
3.173740625381469727e+00
3.179179430007934570e+00
3.160642147064208984e+00
3.191400289535522461e+00
3.164418697357177734e+00
3.179259538650512695e+00
3.181561231613159180e+00
3.181805133819580078e+00
3.162139892578125000e+00
3.212455034255981445e+00
3.183299064636230469e+00
3.217594861984252930e+00
3.191080570220947266e+00
3.205677986145019531e+00
3.194028377532958984e+00
3.212641477584838867e+00
3.225088119506835938e+00
3.227850437164306641e+00
3.203192472457885742e+00
3.227866888046264648e+00
3.192328214645385742e+00
3.241926431655883789e+00
3.225270271301269531e+00
3.280455589294433594e+00
3.206576824188232422e+00
3.371873140335083008e+00
3.371924877166748047e+00
3.162258863449096680e+00
3.236889362335205078e+00
3.237843990325927734e+00
3.161375999450683594e+00
3.196743011474609375e+00
3.173972129821777344e+00
3.169302701950073242e+00
3.159471273422241211e+00
3.181675434112548828e+00
3.178804874420166016e+00
3.166443347930908203e+00
3.156579494476318359e+00
3.167264223098754883e+00
3.139071464538574219e+00
3.209441900253295898e+00
3.207317113876342773e+00
3.213005542755126953e+00
3.196686267852783203e+00
3.195081710815429688e+00
3.202647447586059570e+00
3.217765808105468750e+00
3.189227581024169922e+00
3.212658166885375977e+00
3.207416772842407227e+00
3.212444305419921875e+00
3.199148178100585938e+00
3.235791921615600586e+00
3.241072177886962891e+00
3.279759407043457031e+00
3.153466224670410156e+00
3.406544208526611328e+00
3.357853889465332031e+00
3.151614189147949219e+00
3.292135238647460938e+00
3.232421398162841797e+00
3.256789922714233398e+00
3.160172700881958008e+00
3.196545600891113281e+00
3.177198410034179688e+00
3.173758029937744141e+00
3.167076110839843750e+00
3.207393169403076172e+00
3.183914184570312500e+00
3.174411773681640625e+00
3.187959909439086914e+00
3.201980113983154297e+00
3.160707473754882812e+00
3.187343120574951172e+00
3.220704078674316406e+00
3.208939790725708008e+00
3.212535619735717773e+00
3.197239398956298828e+00
3.199665307998657227e+00
3.199159145355224609e+00
3.204022407531738281e+00
3.212117195129394531e+00
3.185377597808837891e+00
3.227321624755859375e+00
3.195011615753173828e+00
3.208708286285400391e+00
3.233711719512939453e+00
3.265331029891967773e+00
3.128466129302978516e+00
3.386869668960571289e+00
3.343506336212158203e+00
3.133192777633666992e+00
3.279895305633544922e+00
3.218796253204345703e+00
3.285722970962524414e+00
3.176353216171264648e+00
3.157649040222167969e+00
3.181385040283203125e+00
3.179924964904785156e+00
3.166335344314575195e+00
3.175698757171630859e+00
3.184468507766723633e+00
3.170293331146240234e+00
3.187838315963745117e+00
3.168561458587646484e+00
3.183384895324707031e+00
3.178062438964843750e+00
3.141452550888061523e+00
3.197467803955078125e+00
3.182952165603637695e+00
3.190875053405761719e+00
3.170569419860839844e+00
3.188545227050781250e+00
3.198351144790649414e+00
3.190260887145996094e+00
3.221613168716430664e+00
3.181420564651489258e+00
3.218314409255981445e+00
3.190702438354492188e+00
3.214426040649414062e+00
3.252851486206054688e+00
3.259033441543579102e+00
3.102855682373046875e+00
3.430561304092407227e+00
3.314173221588134766e+00
3.133821487426757812e+00
3.265182971954345703e+00
3.227689027786254883e+00
3.256402969360351562e+00
3.236703395843505859e+00
3.169471740722656250e+00
3.174833774566650391e+00
3.179599285125732422e+00
3.166483402252197266e+00
3.187094688415527344e+00
3.171434164047241211e+00
3.170473337173461914e+00
3.195479869842529297e+00
3.188291788101196289e+00
3.168113231658935547e+00
3.182334423065185547e+00
3.176398038864135742e+00
3.166549205780029297e+00
3.152186632156372070e+00
3.201151371002197266e+00
3.186760425567626953e+00
3.195365190505981445e+00
3.181846618652343750e+00
3.208808660507202148e+00
3.176889419555664062e+00
3.194739818572998047e+00
3.171602964401245117e+00
3.215230941772460938e+00
3.204378604888916016e+00
3.180853366851806641e+00
3.249682903289794922e+00
3.238804101943969727e+00
3.089898586273193359e+00
3.401760101318359375e+00
3.288341283798217773e+00
3.113305568695068359e+00
3.246528625488281250e+00
3.212919235229492188e+00
3.253857612609863281e+00
3.227274179458618164e+00
3.206189632415771484e+00
3.165513753890991211e+00
3.190142393112182617e+00
3.181033611297607422e+00
3.173589468002319336e+00
3.181167364120483398e+00
3.174986600875854492e+00
3.167134761810302734e+00
3.204054832458496094e+00
3.187415599822998047e+00
3.181615829467773438e+00
3.171140432357788086e+00
3.172566652297973633e+00
3.184857130050659180e+00
3.112082242965698242e+00
3.183900117874145508e+00
3.223957300186157227e+00
3.182071208953857422e+00
3.156498670578002930e+00
3.202389717102050781e+00
3.177968978881835938e+00
3.183120965957641602e+00
3.161030769348144531e+00
3.204191446304321289e+00
3.207820177078247070e+00
3.187656164169311523e+00
3.217169046401977539e+00
3.237452268600463867e+00
3.116921424865722656e+00
3.389639377593994141e+00
3.278664827346801758e+00
3.127300739288330078e+00
3.225424289703369141e+00
3.212343215942382812e+00
3.251911163330078125e+00
3.210452556610107422e+00
3.275338411331176758e+00
3.173964977264404297e+00
3.191370248794555664e+00
3.184669494628906250e+00
3.166473150253295898e+00
3.180603027343750000e+00
3.175303459167480469e+00
3.164336204528808594e+00
3.176366567611694336e+00
3.176885366439819336e+00
3.190664291381835938e+00
3.167723178863525391e+00
3.159627676010131836e+00
3.189270019531250000e+00
3.171329736709594727e+00
3.153275489807128906e+00
3.146422386169433594e+00
3.193165063858032227e+00
3.182443618774414062e+00
3.182016611099243164e+00
3.178275585174560547e+00
3.144165515899658203e+00
3.164147853851318359e+00
3.180546283721923828e+00
3.169910192489624023e+00
3.176903724670410156e+00
3.186118602752685547e+00
3.184725761413574219e+00
3.228953599929809570e+00
3.158245086669921875e+00
3.365860939025878906e+00
3.296245336532592773e+00
3.164917945861816406e+00
3.217813730239868164e+00
3.202182292938232422e+00
3.231557130813598633e+00
3.240885257720947266e+00
3.272063732147216797e+00
3.275042533874511719e+00
3.163381099700927734e+00
3.152374267578125000e+00
3.177671194076538086e+00
3.174758434295654297e+00
3.169255495071411133e+00
3.186061143875122070e+00
3.169621467590332031e+00
3.183617115020751953e+00
3.179137706756591797e+00
3.185774803161621094e+00
3.150749921798706055e+00
3.168865919113159180e+00
3.181158304214477539e+00
3.165539503097534180e+00
3.151847839355468750e+00
3.117825746536254883e+00
3.166946887969970703e+00
3.179342746734619141e+00
3.140892982482910156e+00
3.161617517471313477e+00
3.180513858795166016e+00
3.185837507247924805e+00
3.197874069213867188e+00
3.172363281250000000e+00
3.169099807739257812e+00
3.203504562377929688e+00
3.181322336196899414e+00
3.231608152389526367e+00
3.168972492218017578e+00
3.325511455535888672e+00
3.238869190216064453e+00
3.166794776916503906e+00
3.203135013580322266e+00
3.224019289016723633e+00
3.214199781417846680e+00
3.181386947631835938e+00
3.231713056564331055e+00
3.216574907302856445e+00
3.232283830642700195e+00
3.153434753417968750e+00
3.178879022598266602e+00
3.171800136566162109e+00
3.206020832061767578e+00
3.164473056793212891e+00
3.179216861724853516e+00
3.172485828399658203e+00
3.181102514266967773e+00
3.166953086853027344e+00
3.180558443069458008e+00
3.166979789733886719e+00
3.154677152633666992e+00
3.167257070541381836e+00
3.170514345169067383e+00
3.162963390350341797e+00
3.139194011688232422e+00
3.103335380554199219e+00
3.128984689712524414e+00
3.142485857009887695e+00
3.137482643127441406e+00
3.160616397857666016e+00
3.164008617401123047e+00
3.168869972229003906e+00
3.173656940460205078e+00
3.158251523971557617e+00
3.210996389389038086e+00
3.139386177062988281e+00
3.225978374481201172e+00
3.197517395019531250e+00
3.307759046554565430e+00
3.260753870010375977e+00
3.160839557647705078e+00
3.174302577972412109e+00
3.222131490707397461e+00
3.220535755157470703e+00
3.198485374450683594e+00
3.209422349929809570e+00
3.240194320678710938e+00
3.257309913635253906e+00
3.253911495208740234e+00
3.223155498504638672e+00
3.146982192993164062e+00
3.163328409194946289e+00
3.177248477935791016e+00
3.184828758239746094e+00
3.173839569091796875e+00
3.166119575500488281e+00
3.157911300659179688e+00
3.180716514587402344e+00
3.178535699844360352e+00
3.180790424346923828e+00
3.161847829818725586e+00
3.182368755340576172e+00
3.176348209381103516e+00
3.147866487503051758e+00
3.149710655212402344e+00
3.113527774810791016e+00
3.123950719833374023e+00
3.087583541870117188e+00
3.128874778747558594e+00
3.157866716384887695e+00
3.127944946289062500e+00
3.163270711898803711e+00
3.140549182891845703e+00
3.160367250442504883e+00
3.168902873992919922e+00
3.184696674346923828e+00
3.130002260208129883e+00
3.169426679611206055e+00
3.231992244720458984e+00
3.266391754150390625e+00
3.259355545043945312e+00
3.158905982971191406e+00
3.168981790542602539e+00
3.191611766815185547e+00
3.168273210525512695e+00
3.183018922805786133e+00
3.231606245040893555e+00
3.232188463211059570e+00
3.236191749572753906e+00
3.260246992111206055e+00
3.175149679183959961e+00
3.167946815490722656e+00
3.174023151397705078e+00
3.181444644927978516e+00
3.157297611236572266e+00
3.161688804626464844e+00
3.163949012756347656e+00
3.159221887588500977e+00
3.185636758804321289e+00
3.196997404098510742e+00
3.174896001815795898e+00
3.173230409622192383e+00
3.177926301956176758e+00
3.189073801040649414e+00
3.154712677001953125e+00
3.155896425247192383e+00
3.133679151535034180e+00
3.107229232788085938e+00
3.098505735397338867e+00
3.079647302627563477e+00
3.150575637817382812e+00
3.139655351638793945e+00
3.138088464736938477e+00
3.160705327987670898e+00
3.142213106155395508e+00
3.176110029220581055e+00
3.182738780975341797e+00
3.162922143936157227e+00
3.127081394195556641e+00
3.234114408493041992e+00
3.226058721542358398e+00
3.267534017562866211e+00
3.118764162063598633e+00
3.161170244216918945e+00
3.209157466888427734e+00
3.182505369186401367e+00
3.173577308654785156e+00
3.206135511398315430e+00
3.217041015625000000e+00
3.217614412307739258e+00
3.200566768646240234e+00
3.280519962310791016e+00
3.151164293289184570e+00
3.184190750122070312e+00
3.148117780685424805e+00
3.168535709381103516e+00
3.155464172363281250e+00
3.172640085220336914e+00
3.162590026855468750e+00
3.166291236877441406e+00
3.177022695541381836e+00
3.183608055114746094e+00
3.164004564285278320e+00
3.176184177398681641e+00
3.165103197097778320e+00
3.166019916534423828e+00
3.161020517349243164e+00
3.136298894882202148e+00
3.154199838638305664e+00
3.140618801116943359e+00
3.133034467697143555e+00
3.093608617782592773e+00
3.057709693908691406e+00
3.184266567230224609e+00
3.128615617752075195e+00
3.133405208587646484e+00
3.180637359619140625e+00
3.167112350463867188e+00
3.171044349670410156e+00
3.130806684494018555e+00
3.048315763473510742e+00
3.272324323654174805e+00
3.191585779190063477e+00
3.234673261642456055e+00
3.132248878479003906e+00
3.113716363906860352e+00
3.174329280853271484e+00
3.150712490081787109e+00
3.211422920227050781e+00
3.196979284286499023e+00
3.181390047073364258e+00
3.224314212799072266e+00
3.194056272506713867e+00
3.209648609161376953e+00
3.264029502868652344e+00
3.109448194503784180e+00
3.177809476852416992e+00
3.170629978179931641e+00
3.192332267761230469e+00
3.143129825592041016e+00
3.168194055557250977e+00
3.150968313217163086e+00
3.159648418426513672e+00
3.176584243774414062e+00
3.172139406204223633e+00
3.168937683105468750e+00
3.173524379730224609e+00
3.165958166122436523e+00
3.174161911010742188e+00
3.140027999877929688e+00
3.157204151153564453e+00
3.126817464828491211e+00
3.115577936172485352e+00
3.092302322387695312e+00
3.100611209869384766e+00
3.062465190887451172e+00
3.087294340133666992e+00
3.163430690765380859e+00
3.139376640319824219e+00
3.132675170898437500e+00
3.199532985687255859e+00
3.122909069061279297e+00
3.152119874954223633e+00
3.074281454086303711e+00
3.290920019149780273e+00
3.121418952941894531e+00
3.265447378158569336e+00
3.139467239379882812e+00
3.111444950103759766e+00
3.193846225738525391e+00
3.127140522003173828e+00
3.233233213424682617e+00
3.194144248962402344e+00
3.213983058929443359e+00
3.217056751251220703e+00
3.206462383270263672e+00
3.239374876022338867e+00
3.253905773162841797e+00
3.222601652145385742e+00
3.137679338455200195e+00
3.191406250000000000e+00
3.148988246917724609e+00
3.172302007675170898e+00
3.155035972595214844e+00
3.181848764419555664e+00
3.145442724227905273e+00
3.195394039154052734e+00
3.156861782073974609e+00
3.172890186309814453e+00
3.150983810424804688e+00
3.165268898010253906e+00
3.169691085815429688e+00
3.184972047805786133e+00
3.142703771591186523e+00
3.139477014541625977e+00
3.138630867004394531e+00
3.109676837921142578e+00
3.094057321548461914e+00
3.121143579483032227e+00
3.084348917007446289e+00
3.097125291824340820e+00
3.086462020874023438e+00
3.154393196105957031e+00
3.152163743972778320e+00
3.137441158294677734e+00
3.138375043869018555e+00
3.149908065795898438e+00
3.037933349609375000e+00
3.245499849319458008e+00
3.182249307632446289e+00
3.262990474700927734e+00
3.183806180953979492e+00
3.088460683822631836e+00
3.173640727996826172e+00
3.152881860733032227e+00
3.204722881317138672e+00
3.183065414428710938e+00
3.213663578033447266e+00
3.206430673599243164e+00
3.199930667877197266e+00
3.218901634216308594e+00
3.237121105194091797e+00
3.256946802139282227e+00
3.190832614898681641e+00
3.158715486526489258e+00
3.169346809387207031e+00
3.129647254943847656e+00
3.174453735351562500e+00
3.149271488189697266e+00
3.162000656127929688e+00
3.150269508361816406e+00
3.150603771209716797e+00
3.185337305068969727e+00
3.181324243545532227e+00
3.158349752426147461e+00
3.169692039489746094e+00
3.159890413284301758e+00
3.143772363662719727e+00
3.171851158142089844e+00
3.134470224380493164e+00
3.117753744125366211e+00
3.104013919830322266e+00
3.109831094741821289e+00
3.119908332824707031e+00
3.077102899551391602e+00
3.147487401962280273e+00
3.090892314910888672e+00
3.060379505157470703e+00
3.120339870452880859e+00
3.174354553222656250e+00
3.097935914993286133e+00
3.094027519226074219e+00
3.083214521408081055e+00
3.202951669692993164e+00
3.116163969039916992e+00
3.262556552886962891e+00
3.161031961441040039e+00
3.096983432769775391e+00
3.156923055648803711e+00
3.145942211151123047e+00
3.187524318695068359e+00
3.157510280609130859e+00
3.206411123275756836e+00
3.217141628265380859e+00
3.191147804260253906e+00
3.200942039489746094e+00
3.252031087875366211e+00
3.283439874649047852e+00
3.221315383911132812e+00
3.150836706161499023e+00
3.151699542999267578e+00
3.169859886169433594e+00
3.137917280197143555e+00
3.159457683563232422e+00
3.149034261703491211e+00
3.160167694091796875e+00
3.163124322891235352e+00
3.180471420288085938e+00
3.163539886474609375e+00
3.160563707351684570e+00
3.164837598800659180e+00
3.176055908203125000e+00
3.145829916000366211e+00
3.154094696044921875e+00
3.139607906341552734e+00
3.135772466659545898e+00
3.128726482391357422e+00
3.128933668136596680e+00
3.098584890365600586e+00
3.097818136215209961e+00
3.082450151443481445e+00
3.119937419891357422e+00
3.067405700683593750e+00
3.089684486389160156e+00
2.999989271163940430e+00
3.111553430557250977e+00
3.137773513793945312e+00
3.084999084472656250e+00
3.061623096466064453e+00
3.240237236022949219e+00
3.098289012908935547e+00
3.202383756637573242e+00
3.245468378067016602e+00
3.047811508178710938e+00
3.150863885879516602e+00
3.144638538360595703e+00
3.181191682815551758e+00
3.159245729446411133e+00
3.184839725494384766e+00
3.176520109176635742e+00
3.199067592620849609e+00
3.203255891799926758e+00
3.266169548034667969e+00
3.249860525131225586e+00
3.172935247421264648e+00
3.130513668060302734e+00
3.175265789031982422e+00
3.163861274719238281e+00
3.166224479675292969e+00
3.165804862976074219e+00
3.169704198837280273e+00
3.168523311614990234e+00
3.161126852035522461e+00
3.173432350158691406e+00
3.188215494155883789e+00
3.139236211776733398e+00
3.146520137786865234e+00
3.141477823257446289e+00
3.144725561141967773e+00
3.163179874420166016e+00
3.152750492095947266e+00
3.116672992706298828e+00
3.092664241790771484e+00
3.121933698654174805e+00
3.111780405044555664e+00
3.114753723144531250e+00
3.123030185699462891e+00
3.104415178298950195e+00
3.047749042510986328e+00
3.073313951492309570e+00
3.060139417648315430e+00
3.069662332534790039e+00
3.062870025634765625e+00
3.099079847335815430e+00
3.095458507537841797e+00
3.210921525955200195e+00
3.047452688217163086e+00
3.150062799453735352e+00
3.302069664001464844e+00
3.063473939895629883e+00
3.138377189636230469e+00
3.149728298187255859e+00
3.147714614868164062e+00
3.153424263000488281e+00
3.193957328796386719e+00
3.170827388763427734e+00
3.208866834640502930e+00
3.188687086105346680e+00
3.244307279586791992e+00
3.360213279724121094e+00
3.205950736999511719e+00
3.145838260650634766e+00
3.143237113952636719e+00
3.143556833267211914e+00
3.160624742507934570e+00
3.147324800491333008e+00
3.144679307937622070e+00
3.180521011352539062e+00
3.168850421905517578e+00
3.162117242813110352e+00
3.152049064636230469e+00
3.166507005691528320e+00
3.165442943572998047e+00
3.169892787933349609e+00
3.168772697448730469e+00
3.161097049713134766e+00
3.151194572448730469e+00
3.129632234573364258e+00
3.107347011566162109e+00
3.119146823883056641e+00
3.112379550933837891e+00
3.112044095993041992e+00
3.109267711639404297e+00
3.102989435195922852e+00
3.069184541702270508e+00
3.050609111785888672e+00
3.088065147399902344e+00
3.033906936645507812e+00
3.085681200027465820e+00
3.061409711837768555e+00
2.931668043136596680e+00
3.011189222335815430e+00
3.242844820022583008e+00
3.103417396545410156e+00
2.996382474899291992e+00
3.325773715972900391e+00
3.089757442474365234e+00
3.131098508834838867e+00
3.130594730377197266e+00
3.144544839859008789e+00
3.173131465911865234e+00
3.196452856063842773e+00
3.174343585968017578e+00
3.195368051528930664e+00
3.177336692810058594e+00
3.343316078186035156e+00
3.164609193801879883e+00
3.121107101440429688e+00
3.145303010940551758e+00
3.154992341995239258e+00
3.169528007507324219e+00
3.169765710830688477e+00
3.151964664459228516e+00
3.154504537582397461e+00
3.152441978454589844e+00
3.181605815887451172e+00
3.152425289154052734e+00
3.158466815948486328e+00
3.139362812042236328e+00
3.165443897247314453e+00
3.170213460922241211e+00
3.159955501556396484e+00
3.119993448257446289e+00
3.130964279174804688e+00
3.090325593948364258e+00
3.118062019348144531e+00
3.095732212066650391e+00
3.125086784362792969e+00
3.101733684539794922e+00
3.095772981643676758e+00
3.062097787857055664e+00
3.049609184265136719e+00
3.017018079757690430e+00
3.051300048828125000e+00
3.044089794158935547e+00
3.143359184265136719e+00
2.942875146865844727e+00
2.973897457122802734e+00
3.075616121292114258e+00
3.139085054397583008e+00
3.041963100433349609e+00
3.322954654693603516e+00
3.109869241714477539e+00
3.068997621536254883e+00
3.177293062210083008e+00
3.136296749114990234e+00
3.154952764511108398e+00
3.162157535552978516e+00
3.183942556381225586e+00
3.170407772064208984e+00
3.209559202194213867e+00
3.363081216812133789e+00
3.295291662216186523e+00
3.139522314071655273e+00
3.168610572814941406e+00
3.137793540954589844e+00
3.139599561691284180e+00
3.127322196960449219e+00
3.155718803405761719e+00
3.138434410095214844e+00
3.189343214035034180e+00
3.169591665267944336e+00
3.169759511947631836e+00
3.161264419555664062e+00
3.165118694305419922e+00
3.149845361709594727e+00
3.154670000076293945e+00
3.151655912399291992e+00
3.140705108642578125e+00
3.143591642379760742e+00
3.113063812255859375e+00
3.110096454620361328e+00
3.118223905563354492e+00
3.094236373901367188e+00
3.105315923690795898e+00
3.096479654312133789e+00
3.103229284286499023e+00
3.045933723449707031e+00
3.067236423492431641e+00
3.048871994018554688e+00
3.028741121292114258e+00
3.020264863967895508e+00
3.147137403488159180e+00
2.973856210708618164e+00
3.067430734634399414e+00
3.095072269439697266e+00
2.954381227493286133e+00
2.913494586944580078e+00
3.325778961181640625e+00
3.203110218048095703e+00
2.976767778396606445e+00
3.158029556274414062e+00
3.114808797836303711e+00
3.196915626525878906e+00
3.112649679183959961e+00
3.185155630111694336e+00
3.171100616455078125e+00
3.184871196746826172e+00
3.347886085510253906e+00
3.204802036285400391e+00
3.118893623352050781e+00
3.136700391769409180e+00
3.141850948333740234e+00
3.141308307647705078e+00
3.153630495071411133e+00
3.137442350387573242e+00
3.150639295578002930e+00
3.163999319076538086e+00
3.156245231628417969e+00
3.168319225311279297e+00
3.142240524291992188e+00
3.163614988327026367e+00
3.153321266174316406e+00
3.164933443069458008e+00
3.122245311737060547e+00
3.140225172042846680e+00
3.122920751571655273e+00
3.126338243484497070e+00
3.115025281906127930e+00
3.125927448272705078e+00
3.104767322540283203e+00
3.093516826629638672e+00
3.074498891830444336e+00
3.058334112167358398e+00
3.043509960174560547e+00
3.054321527481079102e+00
3.034561634063720703e+00
3.033958673477172852e+00
2.980870485305786133e+00
3.140572309494018555e+00
2.965045452117919922e+00
3.025971412658691406e+00
3.101527452468872070e+00
3.052459478378295898e+00
2.876160144805908203e+00
3.054252624511718750e+00
3.348178386688232422e+00
2.971474647521972656e+00
3.129044532775878906e+00
3.109085798263549805e+00
3.148909807205200195e+00
3.142144680023193359e+00
3.168958187103271484e+00
3.163619995117187500e+00
3.192774772644042969e+00
3.324064970016479492e+00
3.356192350387573242e+00
3.166114330291748047e+00
3.141669511795043945e+00
3.150720834732055664e+00
3.116150856018066406e+00
3.118921518325805664e+00
3.119032382965087891e+00
3.127709865570068359e+00
3.159945249557495117e+00
3.178235054016113281e+00
3.154926776885986328e+00
3.141711711883544922e+00
3.156083345413208008e+00
3.156922101974487305e+00
3.140709400177001953e+00
3.159808635711669922e+00
3.137745857238769531e+00
3.122505187988281250e+00
3.122854232788085938e+00
3.128762960433959961e+00
3.114838123321533203e+00
3.100663900375366211e+00
3.097173929214477539e+00
3.109152317047119141e+00
3.091619014739990234e+00
3.074944972991943359e+00
3.041902542114257812e+00
3.047307968139648438e+00
3.033705234527587891e+00
3.051873207092285156e+00
2.986501932144165039e+00
3.107696056365966797e+00
2.940232992172241211e+00
3.033431768417358398e+00
3.128727674484252930e+00
2.991553544998168945e+00
3.018298864364624023e+00
2.950359582901000977e+00
3.255402088165283203e+00
3.089074850082397461e+00
3.036397457122802734e+00
3.134313106536865234e+00
3.130197048187255859e+00
3.099115133285522461e+00
3.174741029739379883e+00
3.172327518463134766e+00
3.179759502410888672e+00
3.348967313766479492e+00
3.314404487609863281e+00
3.136573314666748047e+00
3.143021583557128906e+00
3.145200252532958984e+00
3.113750934600830078e+00
3.131383657455444336e+00
3.130818367004394531e+00
3.146426677703857422e+00
3.187296867370605469e+00
3.144201278686523438e+00
3.151318788528442383e+00
3.132954597473144531e+00
3.147057771682739258e+00
3.173852920532226562e+00
3.149570703506469727e+00
3.156256675720214844e+00
3.136335849761962891e+00
3.141733884811401367e+00
3.119095087051391602e+00
3.117615461349487305e+00
3.118193626403808594e+00
3.098320960998535156e+00
3.082726478576660156e+00
3.084779500961303711e+00
3.083464860916137695e+00
3.086570024490356445e+00
3.060134887695312500e+00
3.043477296829223633e+00
3.008829832077026367e+00
3.057964086532592773e+00
2.978622436523437500e+00
3.097833395004272461e+00
2.940382480621337891e+00
3.039205074310302734e+00
3.115654706954956055e+00
2.982921361923217773e+00
2.984830856323242188e+00
2.973117113113403320e+00
3.174153804779052734e+00
3.149138927459716797e+00
3.089129447937011719e+00
3.015130519866943359e+00
3.125734806060791016e+00
3.143310785293579102e+00
3.132745265960693359e+00
3.140732526779174805e+00
3.174866199493408203e+00
3.377881526947021484e+00
3.298904657363891602e+00
3.139504432678222656e+00
3.145712375640869141e+00
3.126302957534790039e+00
3.092976093292236328e+00
3.116522789001464844e+00
3.106413364410400391e+00
3.155513048171997070e+00
3.160711526870727539e+00
3.135761737823486328e+00
3.147538661956787109e+00
3.143598079681396484e+00
3.155989885330200195e+00
3.142194032669067383e+00
3.135782003402709961e+00
3.125453233718872070e+00
3.113466978073120117e+00
3.119683265686035156e+00
3.126561880111694336e+00
3.112035512924194336e+00
3.114500522613525391e+00
3.106535673141479492e+00
3.104632854461669922e+00
3.096348524093627930e+00
3.085762500762939453e+00
3.049982309341430664e+00
3.063727855682373047e+00
3.058777093887329102e+00
3.040644407272338867e+00
3.027012825012207031e+00
3.018480062484741211e+00
3.056719303131103516e+00
2.921727895736694336e+00
3.101902484893798828e+00
3.109655857086181641e+00
2.972919940948486328e+00
3.042749643325805664e+00
2.972906351089477539e+00
3.146056652069091797e+00
3.062020301818847656e+00
3.124729156494140625e+00
3.094333410263061523e+00
3.011822700500488281e+00
3.098281383514404297e+00
3.144884109497070312e+00
3.144979715347290039e+00
3.158297061920166016e+00
3.316994905471801758e+00
3.337260246276855469e+00
3.275882005691528320e+00
3.121386766433715820e+00
3.165606498718261719e+00
3.107143163681030273e+00
3.117450237274169922e+00
3.103542089462280273e+00
3.128424406051635742e+00
3.163638591766357422e+00
3.156870365142822266e+00
3.141605377197265625e+00
3.143815517425537109e+00
3.133766412734985352e+00
3.146886825561523438e+00
3.150983810424804688e+00
3.140552282333374023e+00
3.135062217712402344e+00
3.135766983032226562e+00
3.135622024536132812e+00
3.128692388534545898e+00
3.124510526657104492e+00
3.121741294860839844e+00
3.105019807815551758e+00
3.110422611236572266e+00
3.100989818572998047e+00
3.088391780853271484e+00
3.068330049514770508e+00
3.059007167816162109e+00
3.042113304138183594e+00
3.050309181213378906e+00
3.035546064376831055e+00
3.056887865066528320e+00
3.063048839569091797e+00
2.902449369430541992e+00
3.137359619140625000e+00
3.063044309616088867e+00
2.962687969207763672e+00
3.041198015213012695e+00
2.995902061462402344e+00
3.116344451904296875e+00
3.153654336929321289e+00
3.008194446563720703e+00
3.128566503524780273e+00
3.068356275558471680e+00
3.063832521438598633e+00
3.075968265533447266e+00
3.152367115020751953e+00
3.180480480194091797e+00
3.305290699005126953e+00
3.339314937591552734e+00
3.222416162490844727e+00
3.098284721374511719e+00
3.152817249298095703e+00
3.094744443893432617e+00
3.105920076370239258e+00
3.043029785156250000e+00
3.147036790847778320e+00
3.159383296966552734e+00
3.135850667953491211e+00
3.133170366287231445e+00
3.128426551818847656e+00
3.137877941131591797e+00
3.155536890029907227e+00
3.132378578186035156e+00
3.142344713211059570e+00
3.133213043212890625e+00
3.144390583038330078e+00
3.137580871582031250e+00
3.124183416366577148e+00
3.123076438903808594e+00
3.123617172241210938e+00
3.127198219299316406e+00
3.114696264266967773e+00
3.100098609924316406e+00
3.069587707519531250e+00
3.073875665664672852e+00
3.064011573791503906e+00
3.027236223220825195e+00
3.053387641906738281e+00
3.048734426498413086e+00
3.100570678710937500e+00
2.989697217941284180e+00
2.964899539947509766e+00
3.153133869171142578e+00
2.999645709991455078e+00
2.995330333709716797e+00
3.041159629821777344e+00
3.028988838195800781e+00
3.028061628341674805e+00
3.167452096939086914e+00
3.022516489028930664e+00
3.124643325805664062e+00
3.081440448760986328e+00
3.084893226623535156e+00
3.091279029846191406e+00
3.039642810821533203e+00
3.184904575347900391e+00
3.315657138824462891e+00
3.299941301345825195e+00
3.338107109069824219e+00
3.167807340621948242e+00
3.110512971878051758e+00
3.130368709564208984e+00
3.129354000091552734e+00
3.074565410614013672e+00
3.077678203582763672e+00
3.203891754150390625e+00
3.143949031829833984e+00
3.159466266632080078e+00
3.135864734649658203e+00
3.153739929199218750e+00
3.134805440902709961e+00
3.160896539688110352e+00
3.136052131652832031e+00
3.143267631530761719e+00
3.106218099594116211e+00
3.127840280532836914e+00
3.105693817138671875e+00
3.115156173706054688e+00
3.124727964401245117e+00
3.130654335021972656e+00
3.112696170806884766e+00
3.097454786300659180e+00
3.112045288085937500e+00
3.085000038146972656e+00
3.075730800628662109e+00
3.062388896942138672e+00
3.019086360931396484e+00
3.046261787414550781e+00
3.031920909881591797e+00
3.108783245086669922e+00
2.928468227386474609e+00
3.035199403762817383e+00
3.145401716232299805e+00
2.978439807891845703e+00
2.967058420181274414e+00
3.021270751953125000e+00
3.042034149169921875e+00
3.037296056747436523e+00
3.151921749114990234e+00
3.075706005096435547e+00
3.058477163314819336e+00
3.120710134506225586e+00
3.080203056335449219e+00
3.110067129135131836e+00
3.101980209350585938e+00
3.137872934341430664e+00
3.311843872070312500e+00
3.305997133255004883e+00
3.331385374069213867e+00
3.121412515640258789e+00
3.139498233795166016e+00
3.091991186141967773e+00
3.104870080947875977e+00
3.042984485626220703e+00
3.188874006271362305e+00
3.195798397064208984e+00
3.138881206512451172e+00
3.144546985626220703e+00
3.163487195968627930e+00
3.137981891632080078e+00
3.137133359909057617e+00
3.125663042068481445e+00
3.135832786560058594e+00
3.141495943069458008e+00
3.145965337753295898e+00
3.105875015258789062e+00
3.111701250076293945e+00
3.128391265869140625e+00
3.132041454315185547e+00
3.100474119186401367e+00
3.133765220642089844e+00
3.118710279464721680e+00
3.098594903945922852e+00
3.096879720687866211e+00
3.066906213760375977e+00
3.042575120925903320e+00
3.052016019821166992e+00
3.025914669036865234e+00
3.040430068969726562e+00
3.107853889465332031e+00
2.890007734298706055e+00
3.076428413391113281e+00
3.133868217468261719e+00
2.969374179840087891e+00
3.003220319747924805e+00
3.044678688049316406e+00
3.047664403915405273e+00
3.055858612060546875e+00
3.125751972198486328e+00
3.118877410888671875e+00
3.016802072525024414e+00
3.095226764678955078e+00
3.116453647613525391e+00
3.087078571319580078e+00
3.116873741149902344e+00
3.214972496032714844e+00
3.310719251632690430e+00
3.328370571136474609e+00
3.276109695434570312e+00
3.141911983489990234e+00
3.146549463272094727e+00
3.119036912918090820e+00
3.065514564514160156e+00
3.124371051788330078e+00
3.181140899658203125e+00
3.164201259613037109e+00
3.145614862442016602e+00
3.127236604690551758e+00
3.145784854888916016e+00
3.125490665435791016e+00
3.150632143020629883e+00
3.140220880508422852e+00
3.150233983993530273e+00
3.132645368576049805e+00
3.129630088806152344e+00
3.104638338088989258e+00
3.117686748504638672e+00
3.129985094070434570e+00
3.126315832138061523e+00
3.108731031417846680e+00
3.120511054992675781e+00
3.108251571655273438e+00
3.114223241806030273e+00
3.087694644927978516e+00
3.085687875747680664e+00
3.081987380981445312e+00
3.061496496200561523e+00
3.027403831481933594e+00
3.068674802780151367e+00
3.086510896682739258e+00
2.874362707138061523e+00
3.138655185699462891e+00
3.069224357604980469e+00
2.952320814132690430e+00
3.053532600402832031e+00
2.997922182083129883e+00
3.079908370971679688e+00
3.043848037719726562e+00
3.083388805389404297e+00
3.111894607543945312e+00
3.058300971984863281e+00
3.068280220031738281e+00
3.085388183593750000e+00
3.105205535888671875e+00
3.108427047729492188e+00
3.156448841094970703e+00
3.308613777160644531e+00
3.285424709320068359e+00
3.300088882446289062e+00
3.263614654541015625e+00
3.107001543045043945e+00
3.129924297332763672e+00
3.030328750610351562e+00
3.085446119308471680e+00
3.181061983108520508e+00
3.150378227233886719e+00
3.170261383056640625e+00
3.139278411865234375e+00
3.150756359100341797e+00
3.147081851959228516e+00
3.140012025833129883e+00
3.132137060165405273e+00
3.136404991149902344e+00
3.132686853408813477e+00
3.119144678115844727e+00
3.147640228271484375e+00
3.120749950408935547e+00
3.127620220184326172e+00
3.126329898834228516e+00
3.105700492858886719e+00
3.134578466415405273e+00
3.128969907760620117e+00
3.105259180068969727e+00
3.116597175598144531e+00
3.080372333526611328e+00
3.076025485992431641e+00
3.065450668334960938e+00
3.041632413864135742e+00
3.034226179122924805e+00
3.089752197265625000e+00
3.015621900558471680e+00
2.903132915496826172e+00
3.156427145004272461e+00
3.053735017776489258e+00
3.011189222335815430e+00
3.046232700347900391e+00
3.054557323455810547e+00
3.064689874649047852e+00
3.076776981353759766e+00
3.088753938674926758e+00
3.130348682403564453e+00
3.077856540679931641e+00
3.071819305419921875e+00
3.096090555191040039e+00
3.082785606384277344e+00
3.148003578186035156e+00
3.174452543258666992e+00
3.347424745559692383e+00
3.260797977447509766e+00
3.347532033920288086e+00
3.210121154785156250e+00
3.135476589202880859e+00
3.102490901947021484e+00
3.076666593551635742e+00
3.158433675765991211e+00
3.152206420898437500e+00
3.139432668685913086e+00
3.152050971984863281e+00
3.140028953552246094e+00
3.138151884078979492e+00
3.153428554534912109e+00
3.145817279815673828e+00
3.134286403656005859e+00
3.117266654968261719e+00
3.133175849914550781e+00
3.119270563125610352e+00
3.151429414749145508e+00
3.138100147247314453e+00
3.111272335052490234e+00
3.122041225433349609e+00
3.115956306457519531e+00
3.115542173385620117e+00
3.106128454208374023e+00
3.107902050018310547e+00
3.107262134552001953e+00
3.101780652999877930e+00
3.059025526046752930e+00
3.075212955474853516e+00
3.075065612792968750e+00
3.059605598449707031e+00
3.086342811584472656e+00
2.949582338333129883e+00
2.991102933883666992e+00
3.124783754348754883e+00
3.014746665954589844e+00
3.042496204376220703e+00
3.071413516998291016e+00
3.058218479156494141e+00
3.051934242248535156e+00
3.051273584365844727e+00
3.090699434280395508e+00
3.147473573684692383e+00
3.087507963180541992e+00
3.077438831329345703e+00
3.067141294479370117e+00
3.086054325103759766e+00
3.147107124328613281e+00
3.164487600326538086e+00
3.320395708084106445e+00
3.334564685821533203e+00
3.275560379028320312e+00
3.300304651260375977e+00
3.179154872894287109e+00
3.116224527359008789e+00
3.068172454833984375e+00
3.123275995254516602e+00
3.152852535247802734e+00
3.146505355834960938e+00
3.146930932998657227e+00
3.178440332412719727e+00
3.133446693420410156e+00
3.136435508728027344e+00
3.164546251296997070e+00
3.151320934295654297e+00
3.130296230316162109e+00
3.127931118011474609e+00
3.140414237976074219e+00
3.158337354660034180e+00
3.132880210876464844e+00
3.125635147094726562e+00
3.116406917572021484e+00
3.115020990371704102e+00
3.107795238494873047e+00
3.119619607925415039e+00
3.096413612365722656e+00
3.127396821975708008e+00
3.089779853820800781e+00
3.093279123306274414e+00
3.065758943557739258e+00
3.077225446701049805e+00
3.036838769912719727e+00
3.098327636718750000e+00
3.029619693756103516e+00
2.959534168243408203e+00
3.026813268661499023e+00
3.098637819290161133e+00
3.074117898941040039e+00
3.023350477218627930e+00
3.043717861175537109e+00
3.072533130645751953e+00
3.066262245178222656e+00
3.052718639373779297e+00
3.086330413818359375e+00
3.120209693908691406e+00
3.098988533020019531e+00
3.054466485977172852e+00
3.090492010116577148e+00
3.074254512786865234e+00
3.183358430862426758e+00
3.143942832946777344e+00
3.330625057220458984e+00
3.290597677230834961e+00
3.289535045623779297e+00
3.298288822174072266e+00
3.138875007629394531e+00
3.102249860763549805e+00
3.087339878082275391e+00
3.122206687927246094e+00
3.141229152679443359e+00
3.147121667861938477e+00
3.135160684585571289e+00
3.149792194366455078e+00
3.122771501541137695e+00
3.132766485214233398e+00
3.125570774078369141e+00
3.154148817062377930e+00
3.146313428878784180e+00
3.130101203918457031e+00
3.151384592056274414e+00
3.168833255767822266e+00
3.112460851669311523e+00
3.129184246063232422e+00
3.115740299224853516e+00
3.136425018310546875e+00
3.115067481994628906e+00
3.106258392333984375e+00
3.132645368576049805e+00
3.123461723327636719e+00
3.079759359359741211e+00
3.103156805038452148e+00
3.061703205108642578e+00
3.071389913558959961e+00
3.038302421569824219e+00
3.134896755218505859e+00
2.966279029846191406e+00
3.004247188568115234e+00
3.049254655838012695e+00
3.155783176422119141e+00
3.049564123153686523e+00
3.042818307876586914e+00
3.047135353088378906e+00
3.082123756408691406e+00
3.089590072631835938e+00
3.066366910934448242e+00
3.075837612152099609e+00
3.102764844894409180e+00
3.124151229858398438e+00
3.083197832107543945e+00
3.077907085418701172e+00
3.086850643157958984e+00
3.159430027008056641e+00
3.161869525909423828e+00
3.340966701507568359e+00
3.275529146194458008e+00
3.308875799179077148e+00
3.256105899810791016e+00
3.104789257049560547e+00
3.153582572937011719e+00
3.102856874465942383e+00
3.115196228027343750e+00
3.096824645996093750e+00
3.132335901260375977e+00
3.128751993179321289e+00
3.127840280532836914e+00
3.120303392410278320e+00
3.140326499938964844e+00
3.139246702194213867e+00
3.122119665145874023e+00
3.142600536346435547e+00
3.133077859878540039e+00
3.122568607330322266e+00
3.117254972457885742e+00
3.112123489379882812e+00
3.110689878463745117e+00
3.106297731399536133e+00
3.128072261810302734e+00
3.125144720077514648e+00
3.129081964492797852e+00
3.132595300674438477e+00
3.110883474349975586e+00
3.091807365417480469e+00
3.061061382293701172e+00
3.079452276229858398e+00
3.016146421432495117e+00
3.091387510299682617e+00
3.087580204010009766e+00
2.945960283279418945e+00
3.021410942077636719e+00
3.062776565551757812e+00
3.184002161026000977e+00
2.990681648254394531e+00
3.046271085739135742e+00
3.044970989227294922e+00
3.082952022552490234e+00
3.064800262451171875e+00
3.074048042297363281e+00
3.072796106338500977e+00
3.095600843429565430e+00
3.115165948867797852e+00
3.103778600692749023e+00
3.063773393630981445e+00
3.095461845397949219e+00
3.140095472335815430e+00
3.158187150955200195e+00
3.320308446884155273e+00
3.329751491546630859e+00
3.246670007705688477e+00
3.312297105789184570e+00
3.187360286712646484e+00
3.126084566116333008e+00
3.129382610321044922e+00
3.102124929428100586e+00
3.140929698944091797e+00
3.135959863662719727e+00
3.117997407913208008e+00
3.136197328567504883e+00
3.132441282272338867e+00
3.137379884719848633e+00
3.115851640701293945e+00
3.131239891052246094e+00
3.141233444213867188e+00
3.154276847839355469e+00
3.145317792892456055e+00
3.151287555694580078e+00
3.133833408355712891e+00
3.153408765792846680e+00
3.126973628997802734e+00
3.139366149902343750e+00
3.134376764297485352e+00
3.131183624267578125e+00
3.131027221679687500e+00
3.119752168655395508e+00
3.119925498962402344e+00
3.115677356719970703e+00
3.063700675964355469e+00
3.080342054367065430e+00
3.044174432754516602e+00
3.108581781387329102e+00
2.993694782257080078e+00
3.008909225463867188e+00
3.049179553985595703e+00
3.137739658355712891e+00
3.144466161727905273e+00
3.015667200088500977e+00
3.065788507461547852e+00
3.060569286346435547e+00
3.101376056671142578e+00
3.067054986953735352e+00
3.077633142471313477e+00
3.072628021240234375e+00
3.079279422760009766e+00
3.109842061996459961e+00
3.094753265380859375e+00
3.058385610580444336e+00
3.098840236663818359e+00
3.142416477203369141e+00
3.166190385818481445e+00
3.330503702163696289e+00
3.316427946090698242e+00
3.294683456420898438e+00
3.297196388244628906e+00
3.178437232971191406e+00
3.157209396362304688e+00
3.131258010864257812e+00
3.096352815628051758e+00
3.126819610595703125e+00
3.128711700439453125e+00
3.128768205642700195e+00
3.121086597442626953e+00
3.136506557464599609e+00
3.133109807968139648e+00
3.132929086685180664e+00
3.139502286911010742e+00
3.136589050292968750e+00
3.112102985382080078e+00
3.124177932739257812e+00
3.132828235626220703e+00
3.124030113220214844e+00
3.114614009857177734e+00
3.141468524932861328e+00
3.122096061706542969e+00
3.122286081314086914e+00
3.113036632537841797e+00
3.111468791961669922e+00
3.088595151901245117e+00
3.099507570266723633e+00
3.083349704742431641e+00
3.069371461868286133e+00
3.051898479461669922e+00
3.073510169982910156e+00
3.071943521499633789e+00
2.966979265213012695e+00
3.056425571441650391e+00
3.042182922363281250e+00
3.196498870849609375e+00
3.115834236145019531e+00
3.054153680801391602e+00
3.071835041046142578e+00
3.052385807037353516e+00
3.103014707565307617e+00
3.063864707946777344e+00
3.088054895401000977e+00
3.094461679458618164e+00
3.101263046264648438e+00
3.105661153793334961e+00
3.141856193542480469e+00
3.082542896270751953e+00
3.116384267807006836e+00
3.139950990676879883e+00
3.187278747558593750e+00
3.309073686599731445e+00
3.322811365127563477e+00
3.283077716827392578e+00
3.301723003387451172e+00
3.287264347076416016e+00
3.176952600479125977e+00
3.143735647201538086e+00
3.094112634658813477e+00
3.098589420318603516e+00
3.112630128860473633e+00
3.104708194732666016e+00
3.133475303649902344e+00
3.137530088424682617e+00
3.139894962310791016e+00
3.126410961151123047e+00
3.134583711624145508e+00
3.123199701309204102e+00
3.150460720062255859e+00
3.118942022323608398e+00
3.143746137619018555e+00
3.121732711791992188e+00
3.140766382217407227e+00
3.105435132980346680e+00
3.108028411865234375e+00
3.103995323181152344e+00
3.115965127944946289e+00
3.091203689575195312e+00
3.113849401473999023e+00
3.096815824508666992e+00
3.099251270294189453e+00
3.045890808105468750e+00
3.068251848220825195e+00
3.023484468460083008e+00
3.094873428344726562e+00
2.976168632507324219e+00
3.039787292480468750e+00
3.035657405853271484e+00
3.063214063644409180e+00
3.183784008026123047e+00
3.084507226943969727e+00
3.100341320037841797e+00
3.060868501663208008e+00
3.094764232635498047e+00
3.037567377090454102e+00
3.083026885986328125e+00
3.078974485397338867e+00
3.083296060562133789e+00
3.096931457519531250e+00
3.098852396011352539e+00
3.096364021301269531e+00
3.073933124542236328e+00
3.100915431976318359e+00
3.143808126449584961e+00
3.139077663421630859e+00
3.303371667861938477e+00
3.310110330581665039e+00
3.261251449584960938e+00
3.281847715377807617e+00
3.224081516265869141e+00
3.158158063888549805e+00
3.153310775756835938e+00
3.087898254394531250e+00
3.111172437667846680e+00
3.090538501739501953e+00
3.110411882400512695e+00
3.113261222839355469e+00
3.105580329895019531e+00
3.146235942840576172e+00
3.123682737350463867e+00
3.155739545822143555e+00
3.158713340759277344e+00
3.126699924468994141e+00
3.125598907470703125e+00
3.135954618453979492e+00
3.125456333160400391e+00
3.127616882324218750e+00
3.117868900299072266e+00
3.116966724395751953e+00
3.097504377365112305e+00
3.107799530029296875e+00
3.098248243331909180e+00
3.102227926254272461e+00
3.092323303222656250e+00
3.064589738845825195e+00
3.076744318008422852e+00
3.063370227813720703e+00
3.049129724502563477e+00
3.034694194793701172e+00
3.010823965072631836e+00
3.086770296096801758e+00
2.975046634674072266e+00
3.151468992233276367e+00
3.126510620117187500e+00
3.057097673416137695e+00
3.103297233581542969e+00
3.092756986618041992e+00
3.090099334716796875e+00
3.097597837448120117e+00
3.061159610748291016e+00
3.088587284088134766e+00
3.093043565750122070e+00
3.130331516265869141e+00
3.086955070495605469e+00
3.132566690444946289e+00
3.091997861862182617e+00
3.091110467910766602e+00
3.127708911895751953e+00
3.152702569961547852e+00
3.351890087127685547e+00
3.268091440200805664e+00
3.292695283889770508e+00
3.256155014038085938e+00
3.301443099975585938e+00
3.213899850845336914e+00
3.146330356597900391e+00
3.134482860565185547e+00
3.103526830673217773e+00
3.127745151519775391e+00
3.102370500564575195e+00
3.108724355697631836e+00
3.131128311157226562e+00
3.106555223464965820e+00
3.114781856536865234e+00
3.146289348602294922e+00
3.106675148010253906e+00
3.111917257308959961e+00
3.132154226303100586e+00
3.126304149627685547e+00
3.122339725494384766e+00
3.145450115203857422e+00
3.125323534011840820e+00
3.097095727920532227e+00
3.100726366043090820e+00
3.109355688095092773e+00
3.114529609680175781e+00
3.094063997268676758e+00
3.081878900527954102e+00
3.078955411911010742e+00
3.059820413589477539e+00
3.054543495178222656e+00
3.088725090026855469e+00
3.035561561584472656e+00
3.021180391311645508e+00
3.085616588592529297e+00
3.026252985000610352e+00
3.020808219909667969e+00
3.184502840042114258e+00
3.068472862243652344e+00
3.099028110504150391e+00
3.096911668777465820e+00
3.112242698669433594e+00
3.096036434173583984e+00
3.081864356994628906e+00
3.104014873504638672e+00
3.111526489257812500e+00
3.080648899078369141e+00
3.104193210601806641e+00
3.081219911575317383e+00
3.117573261260986328e+00
3.103571891784667969e+00
3.116991519927978516e+00
3.137980699539184570e+00
3.340381145477294922e+00
3.258524417877197266e+00
3.253365993499755859e+00
3.259543895721435547e+00
3.255035161972045898e+00
3.177682399749755859e+00
3.175017118453979492e+00
3.143133163452148438e+00
3.088568449020385742e+00
3.118567943572998047e+00
3.116153240203857422e+00
3.117527008056640625e+00
3.124023675918579102e+00
3.107676506042480469e+00
3.119666099548339844e+00
3.110493183135986328e+00
3.132669925689697266e+00
3.120123624801635742e+00
3.123749256134033203e+00
3.115903615951538086e+00
3.112542152404785156e+00
3.116833686828613281e+00
3.119593858718872070e+00
3.100835084915161133e+00
3.086647987365722656e+00
3.094561100006103516e+00
3.065260887145996094e+00
3.071761608123779297e+00
3.069918394088745117e+00
3.090036153793334961e+00
3.051837444305419922e+00
3.041507720947265625e+00
3.052567958831787109e+00
3.028691530227661133e+00
3.081045389175415039e+00
3.076115608215332031e+00
2.990066289901733398e+00
3.122488021850585938e+00
3.185939073562622070e+00
3.043478488922119141e+00
3.092703819274902344e+00
3.117748260498046875e+00
3.121245861053466797e+00
3.086024284362792969e+00
3.127905368804931641e+00
3.097376585006713867e+00
3.125516414642333984e+00
3.109169721603393555e+00
3.097792625427246094e+00
3.099456787109375000e+00
3.142994165420532227e+00
3.110429286956787109e+00
3.072334289550781250e+00
3.149836063385009766e+00
3.299997091293334961e+00
3.236444711685180664e+00
3.249523878097534180e+00
3.270990371704101562e+00
3.286443233489990234e+00
3.178466796875000000e+00
3.166435241699218750e+00
3.130697965621948242e+00
3.114508867263793945e+00
3.112565040588378906e+00
3.107882499694824219e+00
3.099871158599853516e+00
3.106944799423217773e+00
3.111495971679687500e+00
3.134285449981689453e+00
3.120465993881225586e+00
3.106161355972290039e+00
3.127197027206420898e+00
3.122120618820190430e+00
3.127177715301513672e+00
3.119539022445678711e+00
3.124774217605590820e+00
3.084177970886230469e+00
3.095957040786743164e+00
3.086146831512451172e+00
3.107687234878540039e+00
3.060372591018676758e+00
3.095340251922607422e+00
3.033664226531982422e+00
3.060389757156372070e+00
3.052249908447265625e+00
3.072164773941040039e+00
3.003787755966186523e+00
3.083916902542114258e+00
3.083964824676513672e+00
3.033266067504882812e+00
3.015097141265869141e+00
3.188652753829956055e+00
3.115236282348632812e+00
3.037822246551513672e+00
3.132550716400146484e+00
3.090666055679321289e+00
3.122487068176269531e+00
3.092875480651855469e+00
3.129614114761352539e+00
3.120926380157470703e+00
3.101397037506103516e+00
3.115041494369506836e+00
3.105051517486572266e+00
3.094342231750488281e+00
3.125978708267211914e+00
3.129633426666259766e+00
3.065880537033081055e+00
3.138088464736938477e+00
3.387527465820312500e+00
3.279189348220825195e+00
3.241692066192626953e+00
3.219362735748291016e+00
3.272526741027832031e+00
3.281660079956054688e+00
3.163477897644042969e+00
3.169278144836425781e+00
3.108710289001464844e+00
3.096452236175537109e+00
3.101457118988037109e+00
3.111653566360473633e+00
3.122596502304077148e+00
3.100763797760009766e+00
3.131874322891235352e+00
3.130830049514770508e+00
3.120695114135742188e+00
3.129073381423950195e+00
3.123277187347412109e+00
3.106948137283325195e+00
3.119952440261840820e+00
3.111958503723144531e+00
3.107304573059082031e+00
3.108424901962280273e+00
3.100165605545043945e+00
3.097058296203613281e+00
3.099323749542236328e+00
3.064447402954101562e+00
3.033732175827026367e+00
3.068624734878540039e+00
3.054012298583984375e+00
3.080507755279541016e+00
3.016884326934814453e+00
3.070626497268676758e+00
3.101031541824340820e+00
3.036094427108764648e+00
3.030668973922729492e+00
3.009919404983520508e+00
3.189152240753173828e+00
3.088810682296752930e+00
3.087486743927001953e+00
3.110369443893432617e+00
3.115973711013793945e+00
3.100746154785156250e+00
3.108717918395996094e+00
3.126569271087646484e+00
3.131004810333251953e+00
3.098346471786499023e+00
3.132977008819580078e+00
3.109775543212890625e+00
3.123783588409423828e+00
3.095887660980224609e+00
3.098468303680419922e+00
3.065417766571044922e+00
3.385296106338500977e+00
3.246248722076416016e+00
3.237799882888793945e+00
3.214140892028808594e+00
3.271130084991455078e+00
3.211262702941894531e+00
3.152616024017333984e+00
3.124443054199218750e+00
3.096651554107666016e+00
3.094045162200927734e+00
3.131394386291503906e+00
3.092387437820434570e+00
3.112012863159179688e+00
3.093579769134521484e+00
3.128751993179321289e+00
3.131237983703613281e+00
3.132198810577392578e+00
3.114317417144775391e+00
3.115703344345092773e+00
3.108072996139526367e+00
3.127321004867553711e+00
3.115143299102783203e+00
3.129356145858764648e+00
3.114948511123657227e+00
3.106740713119506836e+00
3.087654829025268555e+00
3.092605590820312500e+00
3.082683801651000977e+00
3.065649747848510742e+00
3.048639535903930664e+00
3.051701307296752930e+00
3.052537918090820312e+00
3.005987405776977539e+00
3.123855352401733398e+00
3.046603679656982422e+00
3.105172872543334961e+00
3.023086071014404297e+00
3.123110771179199219e+00
3.181330204010009766e+00
3.068876504898071289e+00
3.090080499649047852e+00
3.143558979034423828e+00
3.131765842437744141e+00
3.119720935821533203e+00
3.134557247161865234e+00
3.115669965744018555e+00
3.112300395965576172e+00
3.129025220870971680e+00
3.136209011077880859e+00
3.120821952819824219e+00
3.099156856536865234e+00
3.095499277114868164e+00
3.137044429779052734e+00
3.155286550521850586e+00
3.391714811325073242e+00
3.256732702255249023e+00
3.238190174102783203e+00
3.212695360183715820e+00
3.270581245422363281e+00
3.198670625686645508e+00
3.155382156372070312e+00
3.128450155258178711e+00
3.103705406188964844e+00
3.081074476242065430e+00
3.097162961959838867e+00
3.100150108337402344e+00
3.124312162399291992e+00
3.103830099105834961e+00
3.107331752777099609e+00
3.142900466918945312e+00
3.108593702316284180e+00
3.112859964370727539e+00
3.125992774963378906e+00
3.118963718414306641e+00
3.134197473526000977e+00
3.102677345275878906e+00
3.115480661392211914e+00
3.107279539108276367e+00
3.093343257904052734e+00
3.061057090759277344e+00
3.085939645767211914e+00
3.075772523880004883e+00
3.067911624908447266e+00
3.035498142242431641e+00
3.043305397033691406e+00
2.993347644805908203e+00
3.111211538314819336e+00
3.104231595993041992e+00
3.071246385574340820e+00
3.091260194778442383e+00
3.073540687561035156e+00
3.149911403656005859e+00
3.155181407928466797e+00
3.066565513610839844e+00
3.098479509353637695e+00
3.133123636245727539e+00
3.155137777328491211e+00
3.120174169540405273e+00
3.135776519775390625e+00
3.105878353118896484e+00
3.137217998504638672e+00
3.125610589981079102e+00
3.120666027069091797e+00
3.089909791946411133e+00
3.096877574920654297e+00
3.156151771545410156e+00
3.217716932296752930e+00
3.375911235809326172e+00
3.354101419448852539e+00
3.223664283752441406e+00
3.260570526123046875e+00
3.218280315399169922e+00
3.259478330612182617e+00
3.147451639175415039e+00
3.156974077224731445e+00
3.131197452545166016e+00
3.093481540679931641e+00
3.092951774597167969e+00
3.101348638534545898e+00
3.128614425659179688e+00
3.099841594696044922e+00
3.132138252258300781e+00
3.129472255706787109e+00
3.142016172409057617e+00
3.123023748397827148e+00
3.108553409576416016e+00
3.133746147155761719e+00
3.123365163803100586e+00
3.121184349060058594e+00
3.109709262847900391e+00
3.107159614562988281e+00
3.125225067138671875e+00
3.087078571319580078e+00
3.080094575881958008e+00
3.077637672424316406e+00
3.089675426483154297e+00
3.074394226074218750e+00
3.075173616409301758e+00
3.015306472778320312e+00
3.055498123168945312e+00
3.113268613815307617e+00
3.085049152374267578e+00
3.073264360427856445e+00
3.082043409347534180e+00
3.099508523941040039e+00
3.184006214141845703e+00
3.138620138168334961e+00
3.095747470855712891e+00
3.101113796234130859e+00
3.141834974288940430e+00
3.148886680603027344e+00
3.108588218688964844e+00
3.109752893447875977e+00
3.111064910888671875e+00
3.135689735412597656e+00
3.145639896392822266e+00
3.104162693023681641e+00
3.115530490875244141e+00
3.196897506713867188e+00
3.153648138046264648e+00
3.192845821380615234e+00
3.379885196685791016e+00
3.354753732681274414e+00
3.229408264160156250e+00
3.270600557327270508e+00
3.249044179916381836e+00
3.250306844711303711e+00
3.155205488204956055e+00
3.147910356521606445e+00
3.127128601074218750e+00
3.132300853729248047e+00
3.102386951446533203e+00
3.116745233535766602e+00
3.095136165618896484e+00
3.138544082641601562e+00
3.089822053909301758e+00
3.119324445724487305e+00
3.141899347305297852e+00
3.113458395004272461e+00
3.120163440704345703e+00
3.137085676193237305e+00
3.126443147659301758e+00
3.136209964752197266e+00
3.108419418334960938e+00
3.111338615417480469e+00
3.090169191360473633e+00
3.097496509552001953e+00
3.077938556671142578e+00
3.075602531433105469e+00
3.069643259048461914e+00
3.090959787368774414e+00
3.034465551376342773e+00
3.020349264144897461e+00
3.105579376220703125e+00
3.076538562774658203e+00
3.089051485061645508e+00
3.083823204040527344e+00
3.104594707489013672e+00
3.111280918121337891e+00
3.177806377410888672e+00
3.114157199859619141e+00
3.120014905929565430e+00
3.097651720046997070e+00
3.117946624755859375e+00
3.137764930725097656e+00
3.112417459487915039e+00
3.146155118942260742e+00
3.134280204772949219e+00
3.139153718948364258e+00
3.094582080841064453e+00
3.162317514419555664e+00
3.207553863525390625e+00
3.167399644851684570e+00
3.169094562530517578e+00
3.226226329803466797e+00
3.410861492156982422e+00
3.287828922271728516e+00
3.159203290939331055e+00
3.250844240188598633e+00
3.266818523406982422e+00
3.188972473144531250e+00
3.150915861129760742e+00
3.173311948776245117e+00
3.106215715408325195e+00
3.102235555648803711e+00
3.124183416366577148e+00
3.105597734451293945e+00
3.122638463973999023e+00
3.120051622390747070e+00
3.095052480697631836e+00
3.121630668640136719e+00
3.119545459747314453e+00
3.126755475997924805e+00
3.106554269790649414e+00
3.115718603134155273e+00
3.132126331329345703e+00
3.120059013366699219e+00
3.109216451644897461e+00
3.108649253845214844e+00
3.112046241760253906e+00
3.095299720764160156e+00
3.073559761047363281e+00
3.077529668807983398e+00
3.080909729003906250e+00
3.056314468383789062e+00
3.018137931823730469e+00
3.104685306549072266e+00
3.101034879684448242e+00
3.118473052978515625e+00
3.118072986602783203e+00
3.101384878158569336e+00
3.086855888366699219e+00
3.130976915359497070e+00
3.186457157135009766e+00
3.121380329132080078e+00
3.116311073303222656e+00
3.095608472824096680e+00
3.124926090240478516e+00
3.144394874572753906e+00
3.153790950775146484e+00
3.150526523590087891e+00
3.132162570953369141e+00
3.120207548141479492e+00
3.161200284957885742e+00
3.248072862625122070e+00
3.137314319610595703e+00
3.198919534683227539e+00
3.227026462554931641e+00
3.447719812393188477e+00
3.274340629577636719e+00
3.152098178863525391e+00
3.222689151763916016e+00
3.295146226882934570e+00
3.191805362701416016e+00
3.177019596099853516e+00
3.131782770156860352e+00
3.138411998748779297e+00
3.115321636199951172e+00
3.092843294143676758e+00
3.116565942764282227e+00
3.117366075515747070e+00
3.101515293121337891e+00
3.117893695831298828e+00
3.090219259262084961e+00
3.139867544174194336e+00
3.126456022262573242e+00
3.118535518646240234e+00
3.118991613388061523e+00
3.114802360534667969e+00
3.135033369064331055e+00
3.091881513595581055e+00
3.096514940261840820e+00
3.110583543777465820e+00
3.068848133087158203e+00
3.080408334732055664e+00
3.076786041259765625e+00
3.072765588760375977e+00
3.040182828903198242e+00
3.080767631530761719e+00
3.108226537704467773e+00
3.084435939788818359e+00
3.105454683303833008e+00
3.110918045043945312e+00
3.105005502700805664e+00
3.080516815185546875e+00
3.153861761093139648e+00
3.139266729354858398e+00
3.081123590469360352e+00
3.141226053237915039e+00
3.080506801605224609e+00
3.146748542785644531e+00
3.144661426544189453e+00
3.137416839599609375e+00
3.123509883880615234e+00
3.131055831909179688e+00
3.160705327987670898e+00
3.215450286865234375e+00
3.140717983245849609e+00
3.219377517700195312e+00
3.243283748626708984e+00
3.171265363693237305e+00
3.343285083770751953e+00
3.431150674819946289e+00
3.240324974060058594e+00
3.169257640838623047e+00
3.224223136901855469e+00
3.292877197265625000e+00
3.205561399459838867e+00
3.151438713073730469e+00
3.151237487792968750e+00
3.109868049621582031e+00
3.090336561203002930e+00
3.118200302124023438e+00
3.090251207351684570e+00
3.110098600387573242e+00
3.096987724304199219e+00
3.125875949859619141e+00
3.121940135955810547e+00
3.153088092803955078e+00
3.112832784652709961e+00
3.145297765731811523e+00
3.104109048843383789e+00
3.113520145416259766e+00
3.118346929550170898e+00
3.113090991973876953e+00
3.127194881439208984e+00
3.097638607025146484e+00
3.075318813323974609e+00
3.071071147918701172e+00
3.073074817657470703e+00
3.076016664505004883e+00
3.019838809967041016e+00
3.106946945190429688e+00
3.101266384124755859e+00
3.094687938690185547e+00
3.109048843383789062e+00
3.125787258148193359e+00
3.111366748809814453e+00
3.101140260696411133e+00
3.145622253417968750e+00
3.148414850234985352e+00
3.089029312133789062e+00
3.101390361785888672e+00
3.101345300674438477e+00
3.125286102294921875e+00
3.140570163726806641e+00
3.137795686721801758e+00
3.134959220886230469e+00
3.119111299514770508e+00
3.225691795349121094e+00
3.160463333129882812e+00
3.203374862670898438e+00
3.236736059188842773e+00
3.192758560180664062e+00
3.226742982864379883e+00
3.343724966049194336e+00
3.434538125991821289e+00
3.211800098419189453e+00
3.167997121810913086e+00
3.217027425765991211e+00
3.273361206054687500e+00
3.208027362823486328e+00
3.139513969421386719e+00
3.121062994003295898e+00
3.123690128326416016e+00
3.105331182479858398e+00
3.106211423873901367e+00
3.104618549346923828e+00
3.119013071060180664e+00
3.116556167602539062e+00
3.117912054061889648e+00
3.111747980117797852e+00
3.110239028930664062e+00
3.093163013458251953e+00
3.109174013137817383e+00
3.103716373443603516e+00
3.100507020950317383e+00
3.112490177154541016e+00
3.107287168502807617e+00
3.090165853500366211e+00
3.081362009048461914e+00
3.076062679290771484e+00
3.102968692779541016e+00
3.084965705871582031e+00
3.061076402664184570e+00
3.077127456665039062e+00
3.133330821990966797e+00
3.095662593841552734e+00
3.133500814437866211e+00
3.107892274856567383e+00
3.145309448242187500e+00
3.124052762985229492e+00
3.118488073348999023e+00
3.159793138504028320e+00
3.133866071701049805e+00
3.091955661773681641e+00
3.111793518066406250e+00
3.092015504837036133e+00
3.121183395385742188e+00
3.148774862289428711e+00
3.133935213088989258e+00
3.079980134963989258e+00
3.201731204986572266e+00
3.209296226501464844e+00
3.206636190414428711e+00
3.235406398773193359e+00
3.197098016738891602e+00
3.225927829742431641e+00
3.375374317169189453e+00
3.408215522766113281e+00
3.186114549636840820e+00
3.183480739593505859e+00
3.188872814178466797e+00
3.271164417266845703e+00
3.208215475082397461e+00
3.136110305786132812e+00
3.105120420455932617e+00
3.107234954833984375e+00
3.108849763870239258e+00
3.122504234313964844e+00
3.096304416656494141e+00
3.122166872024536133e+00
3.107652425765991211e+00
3.092699527740478516e+00
3.109771251678466797e+00
3.140093326568603516e+00
3.107391834259033203e+00
3.116502046585083008e+00
3.101143360137939453e+00
3.105835914611816406e+00
3.080698251724243164e+00
3.113626241683959961e+00
3.075362682342529297e+00
3.079076528549194336e+00
3.086299419403076172e+00
3.070969343185424805e+00
3.058367252349853516e+00
3.061756849288940430e+00
3.115309715270996094e+00
3.110814809799194336e+00
3.097918272018432617e+00
3.134049892425537109e+00
3.123184919357299805e+00
3.137046575546264648e+00
3.119573354721069336e+00
3.121191978454589844e+00
3.133157730102539062e+00
3.145023822784423828e+00
3.115612506866455078e+00
3.124513626098632812e+00
3.100492715835571289e+00
3.135422706604003906e+00
3.139716625213623047e+00
3.095956087112426758e+00
3.166628360748291016e+00
3.234516620635986328e+00
3.189987897872924805e+00
3.238948583602905273e+00
3.212456941604614258e+00
3.221608161926269531e+00
3.210893154144287109e+00
3.349770307540893555e+00
3.405362606048583984e+00
3.397693634033203125e+00
3.143005847930908203e+00
3.160278320312500000e+00
3.176834583282470703e+00
3.260921478271484375e+00
3.176917791366577148e+00
3.160000085830688477e+00
3.118514060974121094e+00
3.093023777008056641e+00
3.098789453506469727e+00
3.084656715393066406e+00
3.104130744934082031e+00
3.110722541809082031e+00
3.106679677963256836e+00
3.126600265502929688e+00
3.111454725265502930e+00
3.119769334793090820e+00
3.092897653579711914e+00
3.100056648254394531e+00
3.079972267150878906e+00
3.119138240814208984e+00
3.074603796005249023e+00
3.109382867813110352e+00
3.090867757797241211e+00
3.091677904129028320e+00
3.071716547012329102e+00
3.090510845184326172e+00
3.055168628692626953e+00
3.072227001190185547e+00
3.134807586669921875e+00
3.104848384857177734e+00
3.134703636169433594e+00
3.125072956085205078e+00
3.113369464874267578e+00
3.139551877975463867e+00
3.112689733505249023e+00
3.098470687866210938e+00
3.168079376220703125e+00
3.135956764221191406e+00
3.119702577590942383e+00
3.136499166488647461e+00
3.119661808013916016e+00
3.146064996719360352e+00
3.137092113494873047e+00
3.074709653854370117e+00
3.240472078323364258e+00
3.187147855758666992e+00
3.234192132949829102e+00
3.227099180221557617e+00
3.224701166152954102e+00
3.235986709594726562e+00
3.357401371002197266e+00
3.445175886154174805e+00
3.349181413650512695e+00
3.185434103012084961e+00
3.197082042694091797e+00
3.192023754119873047e+00
3.242285728454589844e+00
3.170023918151855469e+00
3.121683359146118164e+00
3.100455522537231445e+00
3.113203763961791992e+00
3.091034173965454102e+00
3.111282110214233398e+00
3.112922906875610352e+00
3.113824605941772461e+00
3.100588083267211914e+00
3.087178707122802734e+00
3.095468521118164062e+00
3.124082803726196289e+00
3.090130329132080078e+00
3.097928047180175781e+00
3.104925870895385742e+00
3.085652112960815430e+00
3.059141159057617188e+00
3.095743179321289062e+00
3.107927083969116211e+00
3.086764812469482422e+00
3.099819421768188477e+00
3.085083723068237305e+00
3.045865297317504883e+00
3.126759767532348633e+00
3.120708942413330078e+00
3.118479490280151367e+00
3.112908840179443359e+00
3.113448619842529297e+00
3.127827405929565430e+00
3.139401912689208984e+00
3.112180948257446289e+00
3.122282981872558594e+00
3.132930278778076172e+00
3.160758972167968750e+00
3.118328571319580078e+00
3.126106023788452148e+00
3.106773376464843750e+00
3.127813577651977539e+00
3.132346630096435547e+00
3.192473411560058594e+00
3.221842527389526367e+00
3.224256992340087891e+00
3.227192878723144531e+00
3.224584817886352539e+00
3.227500438690185547e+00
3.238288879394531250e+00
3.352528333663940430e+00
3.438761472702026367e+00
3.301771640777587891e+00
3.189449787139892578e+00
3.178746938705444336e+00
3.188412666320800781e+00
3.250972032546997070e+00
3.159878015518188477e+00
3.145764827728271484e+00
3.095915317535400391e+00
3.104414224624633789e+00
3.088607311248779297e+00
3.109431982040405273e+00
3.100443363189697266e+00
3.088491916656494141e+00
3.113097429275512695e+00
3.095925092697143555e+00
3.106114149093627930e+00
3.102317810058593750e+00
3.075863599777221680e+00
3.085722446441650391e+00
3.068128347396850586e+00
3.091229200363159180e+00
3.064272165298461914e+00
3.062443494796752930e+00
3.127879858016967773e+00
3.099071025848388672e+00
3.105727672576904297e+00
3.068480730056762695e+00
3.108052253723144531e+00
3.147332191467285156e+00
3.138429880142211914e+00
3.135450124740600586e+00
3.121522188186645508e+00
3.129444599151611328e+00
3.136564731597900391e+00
3.125127553939819336e+00
3.123489618301391602e+00
3.136320114135742188e+00
3.169574260711669922e+00
3.150155782699584961e+00
3.135707855224609375e+00
3.108521938323974609e+00
3.124076366424560547e+00
3.095233440399169922e+00
3.173871278762817383e+00
3.203533172607421875e+00
3.227569103240966797e+00
3.209954738616943359e+00
3.218378782272338867e+00
3.242718219757080078e+00
3.219591856002807617e+00
3.247892856597900391e+00
3.382970571517944336e+00
3.365941047668457031e+00
3.450200796127319336e+00
3.291541337966918945e+00
3.178807735443115234e+00
3.169888734817504883e+00
3.157172203063964844e+00
3.234260320663452148e+00
3.170798778533935547e+00
3.136095523834228516e+00
3.096627473831176758e+00
3.097587823867797852e+00
3.103676795959472656e+00
3.104516029357910156e+00
3.113697767257690430e+00
3.082824707031250000e+00
3.097190380096435547e+00
3.098300218582153320e+00
3.100500345230102539e+00
3.100269794464111328e+00
3.073374986648559570e+00
3.090392112731933594e+00
3.081100225448608398e+00
3.069236755371093750e+00
3.051235675811767578e+00
3.065713405609130859e+00
3.141611814498901367e+00
3.095391273498535156e+00
3.102711200714111328e+00
3.083403348922729492e+00
3.112652778625488281e+00
3.148763418197631836e+00
3.119024991989135742e+00
3.149644851684570312e+00
3.132143497467041016e+00
3.146056652069091797e+00
3.158389091491699219e+00
3.161445140838623047e+00
3.142765760421752930e+00
3.170982837677001953e+00
3.167426586151123047e+00
3.155491113662719727e+00
3.154651403427124023e+00
3.138257503509521484e+00
3.088376283645629883e+00
3.120449781417846680e+00
3.186431884765625000e+00
3.188044548034667969e+00
3.224357128143310547e+00
3.219866752624511719e+00
3.235203027725219727e+00
3.231543540954589844e+00
3.248321056365966797e+00
3.388056278228759766e+00
3.385221004486083984e+00
3.466948747634887695e+00
3.324034214019775391e+00
3.177025794982910156e+00
3.168712139129638672e+00
3.162719964981079102e+00
3.216931581497192383e+00
3.172158002853393555e+00
3.106614112854003906e+00
3.124772071838378906e+00
3.082927465438842773e+00
3.091507196426391602e+00
3.092198133468627930e+00
3.076553106307983398e+00
3.093202829360961914e+00
3.088779449462890625e+00
3.088708400726318359e+00
3.090994119644165039e+00
3.094613075256347656e+00
3.087590217590332031e+00
3.076586723327636719e+00
3.085303306579589844e+00
3.047259092330932617e+00
3.077082633972167969e+00
3.037411689758300781e+00
3.122997045516967773e+00
3.120219469070434570e+00
3.104628562927246094e+00
3.104870080947875977e+00
3.154769897460937500e+00
3.149294614791870117e+00
3.127045154571533203e+00
3.130789518356323242e+00
3.156728982925415039e+00
3.147297859191894531e+00
3.158565282821655273e+00
3.124608993530273438e+00
3.152943134307861328e+00
3.168284416198730469e+00
3.168600559234619141e+00
3.164549350738525391e+00
3.163959264755249023e+00
3.155283212661743164e+00
3.106827974319458008e+00
3.212023973464965820e+00
3.208724021911621094e+00
3.208557605743408203e+00
3.197027206420898438e+00
3.211613416671752930e+00
3.238205671310424805e+00
3.221754074096679688e+00
3.223724365234375000e+00
3.399781942367553711e+00
3.400352239608764648e+00
3.429620027542114258e+00
3.302961349487304688e+00
3.184643030166625977e+00
3.146233797073364258e+00
3.165848255157470703e+00
3.213941812515258789e+00
3.142683744430541992e+00
3.087659120559692383e+00
3.111425399780273438e+00
3.080477714538574219e+00
3.072508335113525391e+00
3.077790498733520508e+00
3.100246667861938477e+00
3.098613739013671875e+00
3.089996337890625000e+00
3.090553045272827148e+00
3.106973171234130859e+00
3.104856967926025391e+00
3.086145639419555664e+00
3.065813541412353516e+00
3.064859390258789062e+00
3.042792558670043945e+00
3.062510967254638672e+00
3.050023794174194336e+00
3.101708412170410156e+00
3.129383802413940430e+00
3.082965373992919922e+00
3.097492218017578125e+00
3.147398233413696289e+00
3.123640775680541992e+00
3.151039123535156250e+00
3.145101547241210938e+00
3.145352363586425781e+00
3.143467426300048828e+00
3.144166707992553711e+00
3.164473056793212891e+00
3.161433696746826172e+00
3.158699989318847656e+00
3.179808378219604492e+00
3.166886091232299805e+00
3.179063558578491211e+00
3.149677276611328125e+00
3.150185108184814453e+00
3.206464290618896484e+00
3.199742794036865234e+00
3.211135864257812500e+00
3.237480163574218750e+00
3.245890855789184570e+00
3.234531164169311523e+00
3.255404710769653320e+00
3.403504133224487305e+00
3.425766468048095703e+00
3.378370523452758789e+00
3.256518363952636719e+00
3.164477348327636719e+00
3.164012908935546875e+00
3.188184261322021484e+00
3.210112333297729492e+00
3.141647577285766602e+00
3.082601308822631836e+00
3.091261148452758789e+00
3.103147029876708984e+00
3.090744733810424805e+00
3.065659999847412109e+00
3.084423542022705078e+00
3.072729587554931641e+00
3.076110124588012695e+00
3.089402437210083008e+00
3.075998544692993164e+00
3.092689514160156250e+00
3.068860530853271484e+00
3.074806451797485352e+00
3.057376384735107422e+00
3.078400135040283203e+00
3.056523084640502930e+00
3.053467035293579102e+00
3.027988433837890625e+00
3.142723798751831055e+00
3.102508544921875000e+00
3.124828815460205078e+00
3.148525953292846680e+00
3.143694639205932617e+00
3.149312496185302734e+00
3.154846668243408203e+00
3.156613826751708984e+00
3.145687103271484375e+00
3.158478260040283203e+00
3.160129308700561523e+00
3.184777259826660156e+00
3.179684638977050781e+00
3.178086757659912109e+00
3.171724557876586914e+00
3.158796310424804688e+00
3.132129669189453125e+00
3.214346647262573242e+00
3.195154428482055664e+00
3.246842622756958008e+00
3.202074289321899414e+00
3.222922325134277344e+00
3.251376867294311523e+00
3.240400552749633789e+00
3.343839406967163086e+00
3.419821739196777344e+00
3.385420799255371094e+00
3.343676805496215820e+00
3.249321460723876953e+00
3.153421401977539062e+00
3.160675287246704102e+00
3.155986785888671875e+00
3.226104259490966797e+00
3.133483886718750000e+00
3.083580970764160156e+00
3.100423336029052734e+00
3.097934722900390625e+00
3.071352481842041016e+00
3.070149183273315430e+00
3.075362682342529297e+00
3.063721179962158203e+00
3.071655511856079102e+00
3.068327903747558594e+00
3.077873468399047852e+00
3.086750268936157227e+00
3.052803993225097656e+00
3.084857463836669922e+00
3.065466880798339844e+00
3.060210466384887695e+00
3.058221817016601562e+00
3.053923845291137695e+00
3.006202220916748047e+00
3.157913446426391602e+00
3.108068704605102539e+00
3.126380920410156250e+00
3.141798257827758789e+00
3.140590190887451172e+00
3.158179759979248047e+00
3.148699522018432617e+00
3.144717216491699219e+00
3.173428297042846680e+00
3.156321048736572266e+00
3.184617996215820312e+00
3.181756496429443359e+00
3.165519952774047852e+00
3.166429996490478516e+00
3.188179254531860352e+00
3.128734111785888672e+00
3.190555810928344727e+00
3.215984344482421875e+00
3.196007013320922852e+00
3.256538152694702148e+00
3.204017400741577148e+00
3.256232976913452148e+00
3.375187635421752930e+00
3.433602333068847656e+00
3.347289323806762695e+00
3.310039997100830078e+00
3.253811597824096680e+00
3.180299997329711914e+00
3.149755716323852539e+00
3.190218687057495117e+00
3.205466508865356445e+00
3.113819122314453125e+00
3.110698699951171875e+00
3.116127252578735352e+00
3.098537683486938477e+00
3.084855079650878906e+00
3.078357219696044922e+00
3.073162794113159180e+00
3.066053390502929688e+00
3.064684152603149414e+00
3.079455614089965820e+00
3.075613737106323242e+00
3.084542989730834961e+00
3.076910495758056641e+00
3.070382118225097656e+00
3.057283401489257812e+00
3.077854394912719727e+00
3.023679018020629883e+00
3.115390777587890625e+00
2.965537786483764648e+00
3.105726718902587891e+00
3.121484518051147461e+00
3.121961593627929688e+00
3.166461944580078125e+00
3.161990404129028320e+00
3.169518947601318359e+00
3.159359455108642578e+00
3.172139406204223633e+00
3.166514158248901367e+00
3.175519466400146484e+00
3.163922309875488281e+00
3.179660081863403320e+00
3.161323308944702148e+00
3.167120456695556641e+00
3.161128044128417969e+00
3.136049985885620117e+00
3.234994888305664062e+00
3.183191776275634766e+00
3.219838619232177734e+00
3.211943387985229492e+00
3.212073087692260742e+00
3.411502838134765625e+00
3.438029289245605469e+00
3.273320436477661133e+00
3.317736387252807617e+00
3.254203319549560547e+00
3.154688835144042969e+00
3.131715774536132812e+00
3.168482303619384766e+00
3.184279680252075195e+00
3.108403205871582031e+00
3.096357345581054688e+00
3.091364383697509766e+00
3.119027137756347656e+00
3.086111068725585938e+00
3.073664665222167969e+00
3.067289829254150391e+00
3.074910163879394531e+00
3.067421436309814453e+00
3.056899547576904297e+00
3.064894676208496094e+00
3.073905944824218750e+00
3.076535224914550781e+00
3.058452129364013672e+00
3.081925868988037109e+00
3.060075521469116211e+00
3.028662204742431641e+00
3.071501731872558594e+00
2.985913753509521484e+00
3.093383073806762695e+00
3.137288808822631836e+00
3.126851558685302734e+00
3.164504051208496094e+00
3.170659542083740234e+00
3.180250406265258789e+00
3.151801824569702148e+00
3.192519426345825195e+00
3.172625780105590820e+00
3.186399698257446289e+00
3.159277677536010742e+00
3.161543130874633789e+00
3.165555953979492188e+00
3.170336246490478516e+00
3.158730983734130859e+00
3.187811136245727539e+00
3.229743957519531250e+00
3.204981088638305664e+00
3.228664875030517578e+00
3.370934247970581055e+00
3.407597064971923828e+00
3.348341941833496094e+00
3.205410242080688477e+00
3.266523838043212891e+00
3.258809566497802734e+00
3.167027950286865234e+00
3.143734693527221680e+00
3.175524473190307617e+00
3.187141895294189453e+00
3.137136459350585938e+00
3.108148336410522461e+00
3.090592861175537109e+00
3.064239263534545898e+00
3.100232601165771484e+00
3.083988428115844727e+00
3.063574075698852539e+00
3.085721254348754883e+00
3.051349639892578125e+00
3.064846992492675781e+00
3.059976100921630859e+00
3.078016042709350586e+00
3.049557209014892578e+00
3.067607641220092773e+00
3.063966035842895508e+00
3.070665121078491211e+00
3.029196500778198242e+00
3.082641363143920898e+00
3.012521743774414062e+00
3.081919193267822266e+00
3.146355390548706055e+00
3.127794265747070312e+00
3.185581207275390625e+00
3.161281824111938477e+00
3.170606374740600586e+00
3.178905248641967773e+00
3.189959764480590820e+00
3.192005634307861328e+00
3.187103748321533203e+00
3.166212081909179688e+00
3.187130928039550781e+00
3.174666643142700195e+00
3.168632268905639648e+00
3.124082803726196289e+00
3.248410940170288086e+00
3.231563806533813477e+00
3.208118915557861328e+00
3.426403045654296875e+00
3.403266668319702148e+00
3.273665904998779297e+00
3.205416917800903320e+00
3.262685298919677734e+00
3.270671844482421875e+00
3.197245597839355469e+00
3.148681879043579102e+00
3.160205841064453125e+00
3.178640365600585938e+00
3.117964029312133789e+00
3.092370748519897461e+00
3.104586839675903320e+00
3.089387893676757812e+00
3.083278179168701172e+00
3.076546430587768555e+00
3.058599710464477539e+00
3.065049409866333008e+00
3.077894687652587891e+00
3.055814981460571289e+00
3.062161922454833984e+00
3.085553169250488281e+00
3.066502094268798828e+00
3.048200130462646484e+00
3.070169687271118164e+00
3.064554452896118164e+00
3.057030200958251953e+00
3.045202970504760742e+00
3.013472080230712891e+00
3.072307109832763672e+00
3.098114252090454102e+00
3.129511833190917969e+00
3.168028831481933594e+00
3.158967018127441406e+00
3.185732603073120117e+00
3.177016496658325195e+00
3.173415184020996094e+00
3.177917242050170898e+00
3.185213088989257812e+00
3.202082157135009766e+00
3.206191778182983398e+00
3.193112134933471680e+00
3.129397630691528320e+00
3.121568202972412109e+00
3.275797367095947266e+00
3.450418233871459961e+00
3.350886344909667969e+00
3.212195873260498047e+00
3.195215225219726562e+00
3.255276918411254883e+00
3.258563995361328125e+00
3.183744430541992188e+00
3.157885551452636719e+00
3.165146350860595703e+00
3.190542936325073242e+00
3.099399805068969727e+00
3.090119361877441406e+00
3.094005346298217773e+00
3.085692405700683594e+00
3.069472312927246094e+00
3.048689365386962891e+00
3.077324151992797852e+00
3.069691896438598633e+00
3.062621355056762695e+00
3.041992187500000000e+00
3.079280614852905273e+00
3.093830823898315430e+00
3.058499097824096680e+00
3.054899692535400391e+00
3.068579435348510742e+00
3.051057815551757812e+00
3.043864250183105469e+00
3.053173542022705078e+00
2.999334812164306641e+00
3.091616868972778320e+00
3.102669477462768555e+00
3.134462833404541016e+00
3.198351144790649414e+00
3.165578603744506836e+00
3.181044578552246094e+00
3.168769598007202148e+00
3.187488079071044922e+00
3.191661834716796875e+00
3.171491384506225586e+00
3.173144578933715820e+00
3.187979221343994141e+00
3.196142673492431641e+00
3.131970167160034180e+00
3.214387893676757812e+00
3.452386140823364258e+00
3.301582098007202148e+00
3.205082893371582031e+00
3.219520807266235352e+00
3.278957128524780273e+00
3.218867540359497070e+00
3.179628610610961914e+00
3.158083438873291016e+00
3.199073553085327148e+00
3.179082870483398438e+00
3.104572772979736328e+00
3.092461585998535156e+00
3.096454381942749023e+00
3.091598033905029297e+00
3.065023183822631836e+00
3.069108724594116211e+00
3.050832986831665039e+00
3.072888612747192383e+00
3.072692394256591797e+00
3.070904731750488281e+00
3.055572748184204102e+00
3.086397409439086914e+00
3.049284696578979492e+00
3.039409399032592773e+00
3.057738542556762695e+00
3.038213729858398438e+00
3.025447368621826172e+00
3.041246891021728516e+00
3.013715028762817383e+00
3.081631660461425781e+00
3.150051355361938477e+00
3.119778156280517578e+00
3.189367294311523438e+00
3.190405368804931641e+00
3.159069776535034180e+00
3.191053390502929688e+00
3.197419881820678711e+00
3.182062149047851562e+00
3.185100078582763672e+00
3.185487508773803711e+00
3.198379039764404297e+00
3.173501729965209961e+00
3.219732284545898438e+00
3.240663766860961914e+00
3.184007167816162109e+00
3.261496305465698242e+00
3.187824249267578125e+00
3.191086530685424805e+00
3.144137144088745117e+00
3.195376157760620117e+00
3.184801578521728516e+00
3.080657958984375000e+00
3.104490756988525391e+00
3.096634149551391602e+00
3.073694229125976562e+00
3.092385292053222656e+00
3.048618793487548828e+00
3.087095260620117188e+00
3.058403968811035156e+00
3.063400983810424805e+00
3.029729127883911133e+00
3.054395198822021484e+00
3.055494785308837891e+00
3.047698020935058594e+00
3.048434972763061523e+00
3.069876432418823242e+00
3.039395332336425781e+00
3.041112899780273438e+00
3.024243116378784180e+00
3.012030363082885742e+00
3.073391914367675781e+00
3.137074947357177734e+00
3.107361316680908203e+00
3.167598009109497070e+00
3.176403045654296875e+00
3.169804573059082031e+00
3.183261632919311523e+00
3.218547582626342773e+00
3.200036048889160156e+00
3.212028026580810547e+00
3.197919845581054688e+00
3.198562145233154297e+00
3.199193000793457031e+00
3.221472024917602539e+00
3.178217887878417969e+00
3.257955551147460938e+00
3.186375617980957031e+00
3.208184003829956055e+00
3.116730213165283203e+00
3.169165372848510742e+00
3.151334524154663086e+00
3.116139173507690430e+00
3.140052318572998047e+00
3.091315507888793945e+00
3.110330343246459961e+00
3.084258317947387695e+00
3.064985752105712891e+00
3.073920726776123047e+00
3.066986799240112305e+00
3.052905321121215820e+00
3.026674985885620117e+00
3.078915119171142578e+00
3.088216304779052734e+00
3.044114112854003906e+00
3.059696912765502930e+00
3.043714523315429688e+00
3.026819229125976562e+00
3.043647050857543945e+00
3.014940500259399414e+00
2.992151975631713867e+00
3.065745115280151367e+00
3.143241405487060547e+00
3.092601060867309570e+00
3.135840177536010742e+00
3.188812732696533203e+00
3.172234535217285156e+00
3.195414066314697266e+00
3.198834896087646484e+00
3.173933506011962891e+00
3.206574916839599609e+00
3.228477478027343750e+00
3.226633787155151367e+00
3.194759845733642578e+00
3.231645584106445312e+00
3.189769029617309570e+00
3.218393564224243164e+00
3.150625705718994141e+00
3.177607059478759766e+00
3.123478889465332031e+00
3.123732089996337891e+00
3.096573352813720703e+00
3.092439413070678711e+00
3.089730978012084961e+00
3.107966184616088867e+00
3.069306850433349609e+00
3.068698406219482422e+00
3.079146146774291992e+00
3.078696250915527344e+00
3.062128543853759766e+00
3.060963392257690430e+00
3.096260309219360352e+00
3.036541461944580078e+00
3.039393186569213867e+00
3.056556463241577148e+00
3.051283836364746094e+00
3.041783809661865234e+00
3.036384582519531250e+00
2.984443902969360352e+00
3.090507507324218750e+00
3.181548118591308594e+00
3.135169267654418945e+00
3.101680994033813477e+00
3.169830322265625000e+00
3.168454885482788086e+00
3.178612947463989258e+00
3.183176517486572266e+00
3.187721729278564453e+00
3.226234912872314453e+00
3.208962440490722656e+00
3.172549247741699219e+00
3.217006921768188477e+00
3.173483371734619141e+00
3.182556867599487305e+00
3.158664703369140625e+00
3.166318893432617188e+00
3.130739688873291016e+00
3.118917226791381836e+00
3.107100725173950195e+00
3.083902359008789062e+00
3.108920335769653320e+00
3.088841676712036133e+00
3.095583200454711914e+00
3.093614101409912109e+00
3.087809324264526367e+00
3.070878744125366211e+00
3.098811626434326172e+00
3.076143741607666016e+00
3.055753231048583984e+00
3.056671142578125000e+00
3.051441907882690430e+00
3.045623064041137695e+00
3.030402898788452148e+00
3.041165351867675781e+00
3.039501667022705078e+00
2.972207546234130859e+00
3.076619386672973633e+00
3.173096418380737305e+00
3.115607261657714844e+00
3.103648424148559570e+00
3.155766487121582031e+00
3.179148912429809570e+00
3.159685611724853516e+00
3.223644733428955078e+00
3.169765710830688477e+00
3.212893724441528320e+00
3.200217962265014648e+00
3.200550794601440430e+00
3.180097103118896484e+00
3.166689872741699219e+00
3.125139474868774414e+00
3.106012821197509766e+00
3.076157331466674805e+00
3.059080362319946289e+00
3.088748455047607422e+00
3.080883979797363281e+00
3.061852693557739258e+00
3.080691337585449219e+00
3.081358671188354492e+00
3.066211223602294922e+00
3.085380315780639648e+00
3.076305866241455078e+00
3.050156593322753906e+00
3.045851469039916992e+00
3.053084850311279297e+00
3.065820217132568359e+00
3.062432050704956055e+00
3.058955669403076172e+00
3.041659355163574219e+00
3.003742933273315430e+00
3.121309280395507812e+00
3.167068958282470703e+00
3.140487909317016602e+00
3.155260562896728516e+00
3.076234817504882812e+00
3.170095443725585938e+00
3.202557086944580078e+00
3.168970584869384766e+00
3.198182821273803711e+00
3.171347141265869141e+00
3.197890043258666992e+00
3.173517227172851562e+00
3.163199663162231445e+00
3.162402153015136719e+00
3.121248960494995117e+00
3.091531515121459961e+00
3.096350669860839844e+00
3.126266717910766602e+00
3.092111825942993164e+00
3.084259510040283203e+00
3.074513435363769531e+00
3.069218635559082031e+00
3.079921960830688477e+00
3.056830644607543945e+00
3.092028856277465820e+00
3.085494041442871094e+00
3.055007696151733398e+00
3.054100751876831055e+00
3.039251804351806641e+00
3.041366815567016602e+00
3.037844419479370117e+00
3.023061037063598633e+00
2.993584871292114258e+00
3.128192663192749023e+00
3.157593250274658203e+00
3.133954286575317383e+00
3.144351482391357422e+00
3.217967987060546875e+00
3.183759689331054688e+00
3.189349174499511719e+00
3.204419136047363281e+00
3.196972370147705078e+00
3.172859668731689453e+00
3.160780668258666992e+00
3.139862298965454102e+00
3.127200365066528320e+00
3.104695081710815430e+00
3.099967956542968750e+00
3.066581487655639648e+00
3.088897228240966797e+00
3.086329460144042969e+00
3.079190969467163086e+00
3.096580028533935547e+00
3.083238124847412109e+00
3.055007696151733398e+00
3.057048320770263672e+00
3.059470415115356445e+00
3.035522699356079102e+00
3.030349969863891602e+00
3.034496068954467773e+00
3.042587995529174805e+00
3.057061195373535156e+00
3.005089282989501953e+00
3.019908905029296875e+00
3.137061357498168945e+00
3.158859491348266602e+00
3.142014026641845703e+00
3.204911708831787109e+00
3.185407876968383789e+00
3.205986261367797852e+00
3.185432910919189453e+00
3.178822040557861328e+00
3.180781364440917969e+00
3.147056579589843750e+00
3.134441375732421875e+00
3.101837873458862305e+00
3.103026628494262695e+00
3.075122833251953125e+00
3.082148313522338867e+00
3.093135356903076172e+00
3.107451677322387695e+00
3.070883274078369141e+00
3.054238796234130859e+00
3.047420024871826172e+00
3.049915313720703125e+00
3.078575134277343750e+00
3.049841403961181641e+00
3.025210618972778320e+00
3.049541234970092773e+00
3.042463302612304688e+00
3.053494453430175781e+00
2.982929706573486328e+00
3.009034395217895508e+00
3.170601367950439453e+00
3.196595668792724609e+00
3.177318572998046875e+00
3.189922571182250977e+00
3.178610801696777344e+00
3.168567657470703125e+00
3.172132253646850586e+00
3.156733274459838867e+00
3.134521961212158203e+00
3.106641292572021484e+00
3.102965354919433594e+00
3.099874496459960938e+00
3.101083040237426758e+00
3.103739261627197266e+00
3.089027166366577148e+00
3.085468292236328125e+00
3.071801185607910156e+00
3.068550109863281250e+00
3.057563066482543945e+00
3.084054231643676758e+00
3.030790328979492188e+00
3.020867824554443359e+00
3.028409719467163086e+00
3.057629585266113281e+00
3.077187061309814453e+00
2.994894981384277344e+00
3.018077135086059570e+00
3.210588216781616211e+00
3.177996397018432617e+00
3.198325157165527344e+00
3.176766395568847656e+00
3.216480970382690430e+00
3.171182632446289062e+00
3.156205892562866211e+00
3.134359836578369141e+00
3.119725227355957031e+00
3.080409288406372070e+00
3.094770908355712891e+00
3.096147775650024414e+00
3.097023010253906250e+00
3.088550567626953125e+00
3.079752683639526367e+00
3.100342273712158203e+00
3.074256658554077148e+00
3.071065425872802734e+00
3.085975408554077148e+00
3.070110559463500977e+00
3.058093547821044922e+00
3.019140005111694336e+00
3.009957790374755859e+00
3.028716325759887695e+00
3.217522621154785156e+00
3.181023359298706055e+00
3.172971963882446289e+00
3.189949750900268555e+00
3.214398622512817383e+00
3.131127119064331055e+00
3.162306308746337891e+00
3.117587566375732422e+00
3.103775501251220703e+00
3.069705486297607422e+00
3.075390815734863281e+00
3.084224939346313477e+00
3.114577293395996094e+00
3.091161489486694336e+00
3.090249061584472656e+00
3.076946496963500977e+00
3.089533567428588867e+00
3.067476034164428711e+00
3.073961257934570312e+00
3.170797824859619141e+00
3.173511981964111328e+00
3.183084487915039062e+00
3.216148614883422852e+00
3.161762237548828125e+00
3.176125288009643555e+00
3.143980503082275391e+00
3.119550704956054688e+00
3.084133386611938477e+00
3.100929498672485352e+00
3.074262142181396484e+00
3.122993707656860352e+00
3.095862388610839844e+00
3.204633712768554688e+00
3.164881944656372070e+00
3.172002553939819336e+00
3.184894323348999023e+00
3.146401643753051758e+00
3.193689346313476562e+00
3.156170368194580078e+00
3.130944967269897461e+00
3.195183515548706055e+00
3.176084518432617188e+00
3.179110288619995117e+00
