5.255094528198242188e+00
5.249252319335937500e+00
5.235346317291259766e+00
5.228487968444824219e+00
5.229305744171142578e+00
5.275616168975830078e+00
5.214309215545654297e+00
5.233286857604980469e+00
5.242934703826904297e+00
5.203495979309082031e+00
5.237518787384033203e+00
5.224946975708007812e+00
5.267669677734375000e+00
5.177388191223144531e+00
5.232141017913818359e+00
5.205952167510986328e+00
5.232137203216552734e+00
5.228110313415527344e+00
5.194591045379638672e+00
5.193798065185546875e+00
5.212069988250732422e+00
5.218844890594482422e+00
5.243667125701904297e+00
5.190934181213378906e+00
5.238321304321289062e+00
5.215974807739257812e+00
5.239175319671630859e+00
5.236270904541015625e+00
5.251878261566162109e+00
5.225939273834228516e+00
5.260471820831298828e+00
5.213413715362548828e+00
5.270416736602783203e+00
5.258133888244628906e+00
5.216209888458251953e+00
5.216008663177490234e+00
5.200407505035400391e+00
5.219575405120849609e+00
5.196258544921875000e+00
5.226288795471191406e+00
5.190361022949218750e+00
5.217803001403808594e+00
5.236118793487548828e+00
5.258029937744140625e+00
5.259354114532470703e+00
5.223192691802978516e+00
5.236402988433837891e+00
5.269156932830810547e+00
5.190130710601806641e+00
5.231310367584228516e+00
5.232700824737548828e+00
5.218706130981445312e+00
5.224884033203125000e+00
5.225338935852050781e+00
5.231167316436767578e+00
5.214852809906005859e+00
5.212814331054687500e+00
5.210267543792724609e+00
5.208306312561035156e+00
5.241172790527343750e+00
5.238445758819580078e+00
5.231571197509765625e+00
5.225863456726074219e+00
5.222405910491943359e+00
5.214282035827636719e+00
5.232316970825195312e+00
5.195954322814941406e+00
5.223106861114501953e+00
5.218350887298583984e+00
5.252319812774658203e+00
5.237837791442871094e+00
5.225351810455322266e+00
5.254044532775878906e+00
5.243914604187011719e+00
5.228434562683105469e+00
5.234428882598876953e+00
5.244044303894042969e+00
5.229091167449951172e+00
5.211998939514160156e+00
5.197500228881835938e+00
5.305496692657470703e+00
5.245142936706542969e+00
5.218702316284179688e+00
5.244286537170410156e+00
5.204709529876708984e+00
5.224207401275634766e+00
5.207608699798583984e+00
5.226198673248291016e+00
5.203219890594482422e+00
5.247997283935546875e+00
5.248847007751464844e+00
5.208442687988281250e+00
5.234004020690917969e+00
5.312048912048339844e+00
5.200659275054931641e+00
5.312776088714599609e+00
5.216160297393798828e+00
5.258428573608398438e+00
5.209168434143066406e+00
5.333152294158935547e+00
5.216761589050292969e+00
5.202553749084472656e+00
5.195721149444580078e+00
5.216775417327880859e+00
5.205415248870849609e+00
5.222484588623046875e+00
5.232479095458984375e+00
5.244232177734375000e+00
5.183086395263671875e+00
5.238838195800781250e+00
5.233933925628662109e+00
5.252952098846435547e+00
5.226292610168457031e+00
5.236141204833984375e+00
5.227276802062988281e+00
5.231136322021484375e+00
5.252767086029052734e+00
5.261584281921386719e+00
5.204599380493164062e+00
5.246977329254150391e+00
5.292470455169677734e+00
5.217645645141601562e+00
5.272719383239746094e+00
5.206249713897705078e+00
5.305183410644531250e+00
5.236945152282714844e+00
5.245331764221191406e+00
5.281800746917724609e+00
5.223303794860839844e+00
5.220978260040283203e+00
5.216066360473632812e+00
5.220801353454589844e+00
5.237288475036621094e+00
5.223453044891357422e+00
5.210977077484130859e+00
5.199066638946533203e+00
5.239348411560058594e+00
5.220288276672363281e+00
5.180209159851074219e+00
5.211616992950439453e+00
5.213592529296875000e+00
5.218813419342041016e+00
5.224018096923828125e+00
5.267308712005615234e+00
5.208500862121582031e+00
5.252336502075195312e+00
5.224204540252685547e+00
5.236371517181396484e+00
5.253027915954589844e+00
5.244059085845947266e+00
5.277209281921386719e+00
5.223755359649658203e+00
5.235661506652832031e+00
5.194533348083496094e+00
5.298373699188232422e+00
5.231829643249511719e+00
5.205252170562744141e+00
5.223647594451904297e+00
5.206787109375000000e+00
5.224924087524414062e+00
5.222862243652343750e+00
5.200962543487548828e+00
5.215926647186279297e+00
5.209323406219482422e+00
5.206279277801513672e+00
5.238162994384765625e+00
5.210287570953369141e+00
5.190770149230957031e+00
5.238472461700439453e+00
5.272682666778564453e+00
5.232636928558349609e+00
5.233711719512939453e+00
5.230099678039550781e+00
5.243149280548095703e+00
5.223727226257324219e+00
5.222831726074218750e+00
5.214239597320556641e+00
5.227075099945068359e+00
5.269082069396972656e+00
5.254390716552734375e+00
5.258873462677001953e+00
5.212977886199951172e+00
5.258940696716308594e+00
5.250635623931884766e+00
5.267604351043701172e+00
5.198281764984130859e+00
5.224036216735839844e+00
5.239317893981933594e+00
5.184925079345703125e+00
5.196496009826660156e+00
5.236525058746337891e+00
5.205425739288330078e+00
5.242648124694824219e+00
5.218794822692871094e+00
5.212901592254638672e+00
5.181577205657958984e+00
5.229799270629882812e+00
5.237088680267333984e+00
5.203990459442138672e+00
5.230886936187744141e+00
5.220497608184814453e+00
5.177544593811035156e+00
5.242335319519042969e+00
5.216490268707275391e+00
5.291658401489257812e+00
5.233958244323730469e+00
5.226355075836181641e+00
5.247446537017822266e+00
5.253753185272216797e+00
5.211559295654296875e+00
5.265226840972900391e+00
5.245553493499755859e+00
5.289750099182128906e+00
5.212546348571777344e+00
5.267885684967041016e+00
5.215125083923339844e+00
5.348748683929443359e+00
5.170592784881591797e+00
5.194406509399414062e+00
5.235352516174316406e+00
5.196496486663818359e+00
5.237546920776367188e+00
5.214100360870361328e+00
5.231178760528564453e+00
5.241513729095458984e+00
5.196133613586425781e+00
5.229381084442138672e+00
5.212584972381591797e+00
5.232085704803466797e+00
5.247591972351074219e+00
5.225078582763671875e+00
5.197042942047119141e+00
5.230248451232910156e+00
5.209886550903320312e+00
5.217822074890136719e+00
5.221813678741455078e+00
5.274420261383056641e+00
5.228647708892822266e+00
5.228662490844726562e+00
5.236130237579345703e+00
5.217895507812500000e+00
5.259986877441406250e+00
5.220803260803222656e+00
5.242745876312255859e+00
5.232787132263183594e+00
5.257888793945312500e+00
5.193752765655517578e+00
5.339952468872070312e+00
5.225105762481689453e+00
5.324279308319091797e+00
5.198567867279052734e+00
5.185879230499267578e+00
5.257324218750000000e+00
5.240115642547607422e+00
5.223258018493652344e+00
5.209827899932861328e+00
5.249538898468017578e+00
5.255391120910644531e+00
5.207538604736328125e+00
5.241632938385009766e+00
5.207679271697998047e+00
5.215903282165527344e+00
5.229471683502197266e+00
5.232446193695068359e+00
5.235144138336181641e+00
5.196788311004638672e+00
5.234991550445556641e+00
5.228116512298583984e+00
5.225337028503417969e+00
5.206809043884277344e+00
5.212418556213378906e+00
5.244084835052490234e+00
5.243536472320556641e+00
5.256175994873046875e+00
5.218144416809082031e+00
5.228590488433837891e+00
5.222341060638427734e+00
5.254123210906982422e+00
5.221808910369873047e+00
5.262078762054443359e+00
5.205498695373535156e+00
5.298047065734863281e+00
5.211533546447753906e+00
5.264988422393798828e+00
5.143603324890136719e+00
5.182909488677978516e+00
5.235316753387451172e+00
5.196091651916503906e+00
5.215428352355957031e+00
5.190769195556640625e+00
5.243654727935791016e+00
5.219075679779052734e+00
5.225105762481689453e+00
5.259364604949951172e+00
5.217711925506591797e+00
5.225327968597412109e+00
5.222447872161865234e+00
5.204421043395996094e+00
5.209475517272949219e+00
5.193761825561523438e+00
5.243556976318359375e+00
5.206130981445312500e+00
5.211469173431396484e+00
5.182620525360107422e+00
5.211465358734130859e+00
5.259543418884277344e+00
5.241225719451904297e+00
5.222030639648437500e+00
5.261680126190185547e+00
5.224852561950683594e+00
5.217746257781982422e+00
5.239948272705078125e+00
5.266820430755615234e+00
5.193924903869628906e+00
5.259474277496337891e+00
5.229063510894775391e+00
5.323492527008056641e+00
5.245680809020996094e+00
5.240902900695800781e+00
5.138579368591308594e+00
5.173079013824462891e+00
5.255060195922851562e+00
5.176463603973388672e+00
5.281292915344238281e+00
5.208866119384765625e+00
5.267560482025146484e+00
5.267324447631835938e+00
5.203972816467285156e+00
5.222003459930419922e+00
5.250574588775634766e+00
5.222608089447021484e+00
5.229357242584228516e+00
5.228536128997802734e+00
5.221612453460693359e+00
5.248616218566894531e+00
5.210810661315917969e+00
5.211427688598632812e+00
5.198533058166503906e+00
5.222446441650390625e+00
5.242430686950683594e+00
5.258345603942871094e+00
5.225613117218017578e+00
5.239038944244384766e+00
5.224732875823974609e+00
5.281606674194335938e+00
5.224749565124511719e+00
5.276037216186523438e+00
5.235977172851562500e+00
5.277431488037109375e+00
5.258328437805175781e+00
5.270820140838623047e+00
5.250445365905761719e+00
5.236063003540039062e+00
5.204635620117187500e+00
5.275219440460205078e+00
5.153460502624511719e+00
5.206480979919433594e+00
5.255988121032714844e+00
5.209718227386474609e+00
5.241332054138183594e+00
5.235886573791503906e+00
5.242897987365722656e+00
5.192848205566406250e+00
5.256659984588623047e+00
5.236433982849121094e+00
5.228133678436279297e+00
5.226125717163085938e+00
5.240905761718750000e+00
5.217940330505371094e+00
5.214931964874267578e+00
5.204761981964111328e+00
5.223612785339355469e+00
5.221842288970947266e+00
5.226520538330078125e+00
5.238341331481933594e+00
5.258419036865234375e+00
5.243971347808837891e+00
5.233147144317626953e+00
5.234318733215332031e+00
5.218018054962158203e+00
5.220575809478759766e+00
5.255212306976318359e+00
5.272067546844482422e+00
5.237475872039794922e+00
5.210915565490722656e+00
5.262200355529785156e+00
5.237525463104248047e+00
5.233359336853027344e+00
5.256919384002685547e+00
5.220562458038330078e+00
5.219732761383056641e+00
5.229895591735839844e+00
5.182312011718750000e+00
5.225637435913085938e+00
5.262536525726318359e+00
5.187360286712646484e+00
5.238934040069580078e+00
5.211038589477539062e+00
5.218891620635986328e+00
5.189316749572753906e+00
5.287695407867431641e+00
5.259829044342041016e+00
5.212959766387939453e+00
5.216342926025390625e+00
5.238471508026123047e+00
5.195953369140625000e+00
5.262320041656494141e+00
5.229937553405761719e+00
5.220777034759521484e+00
5.205415248870849609e+00
5.178924560546875000e+00
5.222859382629394531e+00
5.211809635162353516e+00
5.226541042327880859e+00
5.194208621978759766e+00
5.231963157653808594e+00
5.246779441833496094e+00
5.222638607025146484e+00
5.200353622436523438e+00
5.254534721374511719e+00
5.187370300292968750e+00
5.239843368530273438e+00
5.234873771667480469e+00
5.213661670684814453e+00
5.242415904998779297e+00
5.260715484619140625e+00
5.247371196746826172e+00
5.244011402130126953e+00
5.289118766784667969e+00
5.181434631347656250e+00
5.206453323364257812e+00
5.247103691101074219e+00
5.194388866424560547e+00
5.247116565704345703e+00
5.224108695983886719e+00
5.206442356109619141e+00
5.237235069274902344e+00
5.215018272399902344e+00
5.190815448760986328e+00
5.265490531921386719e+00
5.257387638092041016e+00
5.224575996398925781e+00
5.215210914611816406e+00
5.233444690704345703e+00
5.232951164245605469e+00
5.231207370758056641e+00
5.199339389801025391e+00
5.229858875274658203e+00
5.215478897094726562e+00
5.225313186645507812e+00
5.219010829925537109e+00
5.247664928436279297e+00
5.220821857452392578e+00
5.235059261322021484e+00
5.233988285064697266e+00
5.249058723449707031e+00
5.242375850677490234e+00
5.269891738891601562e+00
5.259650707244873047e+00
5.235379219055175781e+00
5.246724128723144531e+00
5.208379745483398438e+00
5.239041805267333984e+00
5.312942981719970703e+00
5.241035938262939453e+00
5.240446567535400391e+00
5.328005790710449219e+00
5.217483043670654297e+00
5.199648380279541016e+00
5.240469455718994141e+00
5.337599754333496094e+00
5.241059303283691406e+00
5.260118961334228516e+00
5.236724853515625000e+00
5.188434600830078125e+00
5.241699695587158203e+00
5.201178550720214844e+00
5.191854000091552734e+00
5.220413208007812500e+00
5.250968456268310547e+00
5.183753490447998047e+00
5.310313224792480469e+00
5.217655181884765625e+00
5.226756095886230469e+00
5.214084625244140625e+00
5.236453533172607422e+00
5.225058078765869141e+00
5.207077026367187500e+00
5.196104049682617188e+00
5.208324432373046875e+00
5.201326847076416016e+00
5.211970329284667969e+00
5.236180782318115234e+00
5.238757133483886719e+00
5.237062931060791016e+00
5.216615200042724609e+00
5.240914821624755859e+00
5.231185436248779297e+00
5.281322002410888672e+00
5.255538463592529297e+00
5.266836643218994141e+00
5.240603446960449219e+00
5.242454528808593750e+00
5.256790637969970703e+00
5.248816013336181641e+00
5.231967926025390625e+00
5.251575469970703125e+00
5.257601737976074219e+00
5.244682312011718750e+00
5.279318809509277344e+00
5.290092945098876953e+00
5.224085330963134766e+00
5.231700897216796875e+00
5.235944271087646484e+00
5.193154335021972656e+00
5.243457317352294922e+00
5.245711803436279297e+00
5.231642246246337891e+00
5.206444740295410156e+00
5.236550331115722656e+00
5.233619213104248047e+00
5.224698543548583984e+00
5.248285770416259766e+00
5.248927593231201172e+00
5.226502895355224609e+00
5.229220390319824219e+00
5.228937149047851562e+00
5.238190174102783203e+00
5.209280014038085938e+00
5.215772151947021484e+00
5.200462341308593750e+00
5.234407424926757812e+00
5.211571693420410156e+00
5.200131416320800781e+00
5.235411167144775391e+00
5.223311901092529297e+00
5.226851940155029297e+00
5.261144638061523438e+00
5.197304248809814453e+00
5.274636268615722656e+00
5.229286193847656250e+00
5.265717029571533203e+00
5.235108375549316406e+00
5.222453117370605469e+00
5.235053062438964844e+00
5.251469135284423828e+00
5.234944343566894531e+00
5.232067584991455078e+00
5.297941207885742188e+00
5.187451362609863281e+00
5.391411781311035156e+00
5.226587295532226562e+00
5.221649646759033203e+00
5.180634498596191406e+00
5.268442630767822266e+00
5.220434188842773438e+00
5.212098598480224609e+00
5.238311767578125000e+00
5.229108810424804688e+00
5.167008399963378906e+00
5.203176498413085938e+00
5.248859405517578125e+00
5.264938354492187500e+00
5.252213478088378906e+00
5.253178119659423828e+00
5.214962959289550781e+00
5.205327510833740234e+00
5.232518196105957031e+00
5.215219020843505859e+00
5.221909046173095703e+00
5.202460765838623047e+00
5.210427761077880859e+00
5.210062980651855469e+00
5.227691650390625000e+00
5.209750652313232422e+00
5.243273258209228516e+00
5.210529327392578125e+00
5.254378318786621094e+00
5.249776840209960938e+00
5.245789527893066406e+00
5.197578430175781250e+00
5.221588134765625000e+00
5.215899467468261719e+00
5.242253303527832031e+00
5.213521957397460938e+00
5.243812561035156250e+00
5.227653503417968750e+00
5.292700767517089844e+00
5.211220741271972656e+00
5.270497798919677734e+00
5.182977676391601562e+00
5.208741664886474609e+00
5.332371234893798828e+00
5.188311576843261719e+00
5.225764751434326172e+00
5.173206806182861328e+00
5.285078048706054688e+00
5.207110404968261719e+00
5.225771427154541016e+00
5.217790603637695312e+00
5.236158370971679688e+00
5.174056529998779297e+00
5.248327732086181641e+00
5.218592643737792969e+00
5.382785797119140625e+00
5.281526565551757812e+00
5.267801761627197266e+00
5.207537651062011719e+00
5.250138282775878906e+00
5.265066146850585938e+00
5.262977123260498047e+00
5.207285404205322266e+00
5.214465141296386719e+00
5.190216541290283203e+00
5.228135108947753906e+00
5.208736896514892578e+00
5.243468284606933594e+00
5.234909534454345703e+00
5.241839408874511719e+00
5.182630538940429688e+00
5.220263004302978516e+00
5.251534461975097656e+00
5.218581676483154297e+00
5.242126941680908203e+00
5.250126361846923828e+00
5.247946739196777344e+00
5.220853805541992188e+00
5.299796104431152344e+00
5.265952110290527344e+00
5.236089706420898438e+00
5.248590946197509766e+00
5.254529476165771484e+00
5.240367889404296875e+00
5.215828895568847656e+00
5.250899791717529297e+00
5.361208438873291016e+00
5.261291027069091797e+00
5.227434158325195312e+00
5.226339817047119141e+00
5.245553016662597656e+00
5.197838306427001953e+00
5.240674018859863281e+00
5.199276924133300781e+00
5.225785732269287109e+00
5.173718929290771484e+00
5.252398490905761719e+00
5.240626335144042969e+00
5.186916351318359375e+00
5.304085731506347656e+00
5.204576015472412109e+00
5.264284133911132812e+00
5.252916336059570312e+00
5.234165191650390625e+00
5.195100784301757812e+00
5.219462394714355469e+00
5.228219032287597656e+00
5.261804580688476562e+00
5.208117008209228516e+00
5.206001281738281250e+00
5.208570957183837891e+00
5.246299743652343750e+00
5.228872776031494141e+00
5.207995414733886719e+00
5.216371059417724609e+00
5.218096733093261719e+00
5.251206398010253906e+00
5.250265121459960938e+00
5.196339607238769531e+00
5.243529319763183594e+00
5.232716083526611328e+00
5.256475448608398438e+00
5.228248119354248047e+00
5.262992858886718750e+00
5.182465076446533203e+00
5.273758411407470703e+00
5.215273857116699219e+00
5.269206523895263672e+00
5.221346855163574219e+00
5.187214374542236328e+00
5.256192207336425781e+00
5.232069015502929688e+00
5.201870918273925781e+00
5.225812435150146484e+00
5.230786800384521484e+00
5.193380355834960938e+00
5.268220901489257812e+00
5.205349922180175781e+00
5.193711280822753906e+00
5.197583198547363281e+00
5.230903148651123047e+00
5.226234912872314453e+00
5.211359500885009766e+00
5.257743835449218750e+00
5.273795604705810547e+00
5.227299690246582031e+00
5.239499568939208984e+00
5.290603637695312500e+00
5.224827766418457031e+00
5.187147617340087891e+00
5.257344245910644531e+00
5.235223770141601562e+00
5.239852905273437500e+00
5.218165397644042969e+00
5.276662349700927734e+00
5.209097385406494141e+00
5.213983535766601562e+00
5.268295288085937500e+00
5.239338874816894531e+00
5.199981689453125000e+00
5.227500915527343750e+00
5.227279186248779297e+00
5.236064434051513672e+00
5.238945960998535156e+00
5.234140396118164062e+00
5.254949569702148438e+00
5.252908706665039062e+00
5.227579593658447266e+00
5.222719669342041016e+00
5.262441158294677734e+00
5.233990192413330078e+00
5.243360519409179688e+00
5.266260623931884766e+00
5.217096805572509766e+00
5.228908061981201172e+00
5.215877532958984375e+00
5.182210445404052734e+00
5.214885711669921875e+00
5.420875072479248047e+00
5.199586868286132812e+00
5.198780059814453125e+00
5.247939586639404297e+00
5.211776733398437500e+00
5.201249599456787109e+00
5.189199447631835938e+00
5.197816371917724609e+00
5.204868793487548828e+00
5.222341537475585938e+00
5.256497383117675781e+00
5.246986865997314453e+00
5.276407241821289062e+00
5.230736732482910156e+00
5.229232788085937500e+00
5.244686126708984375e+00
5.186828613281250000e+00
5.230163574218750000e+00
5.237640380859375000e+00
5.239124298095703125e+00
5.236132621765136719e+00
5.203104496002197266e+00
5.205698966979980469e+00
5.240562438964843750e+00
5.207821846008300781e+00
5.221747875213623047e+00
5.203726768493652344e+00
5.249506950378417969e+00
5.234735012054443359e+00
5.203779220581054688e+00
5.223235130310058594e+00
5.213561058044433594e+00
5.278067588806152344e+00
5.233032226562500000e+00
5.223490715026855469e+00
5.230161666870117188e+00
5.226504802703857422e+00
5.206071853637695312e+00
5.228153705596923828e+00
5.247174739837646484e+00
5.217272281646728516e+00
5.239316940307617188e+00
5.211483955383300781e+00
5.307455062866210938e+00
5.198703765869140625e+00
5.251014709472656250e+00
5.217374801635742188e+00
5.215054988861083984e+00
5.250594615936279297e+00
5.228106498718261719e+00
5.209305763244628906e+00
5.235527038574218750e+00
5.199886322021484375e+00
5.240243911743164062e+00
5.222186565399169922e+00
5.223639488220214844e+00
5.239676952362060547e+00
5.244263172149658203e+00
5.234736442565917969e+00
5.248388290405273438e+00
5.222004413604736328e+00
5.265532016754150391e+00
5.206619262695312500e+00
5.230375289916992188e+00
5.219536781311035156e+00
5.225654602050781250e+00
5.217085838317871094e+00
5.223274230957031250e+00
5.234251022338867188e+00
5.195085048675537109e+00
5.203312873840332031e+00
5.204223155975341797e+00
5.214563846588134766e+00
5.281277179718017578e+00
5.218029022216796875e+00
5.233408927917480469e+00
5.233593940734863281e+00
5.207281589508056641e+00
5.276821136474609375e+00
5.221122264862060547e+00
5.214778423309326172e+00
5.250642299652099609e+00
5.247300148010253906e+00
5.239586353302001953e+00
5.273876190185546875e+00
5.220954418182373047e+00
5.271897315979003906e+00
5.172700881958007812e+00
5.332402706146240234e+00
5.249909877777099609e+00
5.211703777313232422e+00
5.177534580230712891e+00
5.258025169372558594e+00
5.276247501373291016e+00
5.234810829162597656e+00
5.226700782775878906e+00
5.180649280548095703e+00
5.236455440521240234e+00
5.201951980590820312e+00
5.179449558258056641e+00
5.223112106323242188e+00
5.235309600830078125e+00
5.261913776397705078e+00
5.250607013702392578e+00
5.403625011444091797e+00
5.218677043914794922e+00
5.240881443023681641e+00
5.213491439819335938e+00
5.233767509460449219e+00
5.208898067474365234e+00
5.226354598999023438e+00
5.236541748046875000e+00
5.226229667663574219e+00
5.230472087860107422e+00
5.204076290130615234e+00
5.213850021362304688e+00
5.205215454101562500e+00
5.219794273376464844e+00
5.241151332855224609e+00
5.208831310272216797e+00
5.235247611999511719e+00
5.218877792358398438e+00
5.233361721038818359e+00
5.218993186950683594e+00
5.241469860076904297e+00
5.215550899505615234e+00
5.203706264495849609e+00
5.236030101776123047e+00
5.260684490203857422e+00
5.239287853240966797e+00
5.235247611999511719e+00
5.200413227081298828e+00
5.230661392211914062e+00
5.167448043823242188e+00
5.299273490905761719e+00
5.155899524688720703e+00
5.247195720672607422e+00
5.162133693695068359e+00
5.178711414337158203e+00
5.203538417816162109e+00
5.189972877502441406e+00
5.261898040771484375e+00
5.161035537719726562e+00
5.227591991424560547e+00
5.202352046966552734e+00
5.231173992156982422e+00
5.201090812683105469e+00
5.209879875183105469e+00
5.213696479797363281e+00
5.260902881622314453e+00
5.277801036834716797e+00
5.257193565368652344e+00
5.237836837768554688e+00
5.265116691589355469e+00
5.260302066802978516e+00
5.199322223663330078e+00
5.193810462951660156e+00
5.208005905151367188e+00
5.227993488311767578e+00
5.203227996826171875e+00
5.197975635528564453e+00
5.213090896606445312e+00
5.242681026458740234e+00
5.216890811920166016e+00
5.219309329986572266e+00
5.225853919982910156e+00
5.222182750701904297e+00
5.230462074279785156e+00
5.248329162597656250e+00
5.217278957366943359e+00
5.268584728240966797e+00
5.203078269958496094e+00
5.252977371215820312e+00
5.238724231719970703e+00
5.243254184722900391e+00
5.192701816558837891e+00
5.191889762878417969e+00
5.227153301239013672e+00
5.252132415771484375e+00
5.213123321533203125e+00
5.196608066558837891e+00
5.157502174377441406e+00
5.246502876281738281e+00
5.154603004455566406e+00
5.246735572814941406e+00
5.124534130096435547e+00
5.185851573944091797e+00
5.236528873443603516e+00
5.222113132476806641e+00
5.244156837463378906e+00
5.225548267364501953e+00
5.231648445129394531e+00
5.209135532379150391e+00
5.197963237762451172e+00
5.203097343444824219e+00
5.303367137908935547e+00
5.266678333282470703e+00
5.274540424346923828e+00
5.217290878295898438e+00
5.268124580383300781e+00
5.207597255706787109e+00
5.254581928253173828e+00
5.198391914367675781e+00
5.235765457153320312e+00
5.212963581085205078e+00
5.199677944183349609e+00
5.227560043334960938e+00
5.235818386077880859e+00
5.217241764068603516e+00
5.208283901214599609e+00
5.229045391082763672e+00
5.211014270782470703e+00
5.258774280548095703e+00
5.263079166412353516e+00
5.220245361328125000e+00
5.228148937225341797e+00
5.253615379333496094e+00
5.230527400970458984e+00
5.227629184722900391e+00
5.200622081756591797e+00
5.226576805114746094e+00
5.232841968536376953e+00
5.194727420806884766e+00
5.260921955108642578e+00
5.214016437530517578e+00
5.260722637176513672e+00
5.224174022674560547e+00
5.238056182861328125e+00
5.146832466125488281e+00
5.153536796569824219e+00
5.221768856048583984e+00
5.314906597137451172e+00
5.127054214477539062e+00
5.222858428955078125e+00
5.175226688385009766e+00
5.220276832580566406e+00
5.200875282287597656e+00
5.218808174133300781e+00
5.191506862640380859e+00
5.200619697570800781e+00
5.211966991424560547e+00
5.269320487976074219e+00
5.295546054840087891e+00
5.246892452239990234e+00
5.254412651062011719e+00
5.206842422485351562e+00
5.257614612579345703e+00
5.218920230865478516e+00
5.205828189849853516e+00
5.203233242034912109e+00
5.225792407989501953e+00
5.219118118286132812e+00
5.201518058776855469e+00
5.217450618743896484e+00
5.212290287017822266e+00
5.234292984008789062e+00
5.215942859649658203e+00
5.247647285461425781e+00
5.260919570922851562e+00
5.243461132049560547e+00
5.227731704711914062e+00
5.270288467407226562e+00
5.233479022979736328e+00
5.257521629333496094e+00
5.236730098724365234e+00
5.224856376647949219e+00
5.234007358551025391e+00
5.226188182830810547e+00
5.233400821685791016e+00
5.198305130004882812e+00
5.205799102783203125e+00
5.211366653442382812e+00
5.246608257293701172e+00
5.265578269958496094e+00
5.212535858154296875e+00
5.167728900909423828e+00
5.159714698791503906e+00
5.162351131439208984e+00
5.201624870300292969e+00
5.223902225494384766e+00
5.230727672576904297e+00
5.272236347198486328e+00
5.245351791381835938e+00
5.215211868286132812e+00
5.218881607055664062e+00
5.228472232818603516e+00
5.179011344909667969e+00
5.219596385955810547e+00
5.251955986022949219e+00
5.279639720916748047e+00
5.339945316314697266e+00
5.243506908416748047e+00
5.260808467864990234e+00
5.235416889190673828e+00
5.206637382507324219e+00
5.228756904602050781e+00
5.252232074737548828e+00
5.270182609558105469e+00
5.217847824096679688e+00
5.198965549468994141e+00
5.237945556640625000e+00
5.230730056762695312e+00
5.233975410461425781e+00
5.216742038726806641e+00
5.220464229583740234e+00
5.210523128509521484e+00
5.227264404296875000e+00
5.220432758331298828e+00
5.226467132568359375e+00
5.215111732482910156e+00
5.229968547821044922e+00
5.245889663696289062e+00
5.236428737640380859e+00
5.241036415100097656e+00
5.227659225463867188e+00
5.225669384002685547e+00
5.219852447509765625e+00
5.220697402954101562e+00
5.236560821533203125e+00
5.203968048095703125e+00
5.221462249755859375e+00
5.261522293090820312e+00
5.241011619567871094e+00
5.189509868621826172e+00
5.159907817840576172e+00
5.230082988739013672e+00
5.181690216064453125e+00
5.252005100250244141e+00
5.258594036102294922e+00
5.187933921813964844e+00
5.210433483123779297e+00
5.190732479095458984e+00
5.193311214447021484e+00
5.187045574188232422e+00
5.204761028289794922e+00
5.193230628967285156e+00
5.282395839691162109e+00
5.321020126342773438e+00
5.350942134857177734e+00
5.276032447814941406e+00
5.218331813812255859e+00
5.267933368682861328e+00
5.261469364166259766e+00
5.235562324523925781e+00
5.252572059631347656e+00
5.234378337860107422e+00
5.247665882110595703e+00
5.223205566406250000e+00
5.218489646911621094e+00
5.226798057556152344e+00
5.226543426513671875e+00
5.240125656127929688e+00
5.238720417022705078e+00
5.230079174041748047e+00
5.227259159088134766e+00
5.238298416137695312e+00
5.203661441802978516e+00
5.219532966613769531e+00
5.249616146087646484e+00
5.215833663940429688e+00
5.236575126647949219e+00
5.221258163452148438e+00
5.218784332275390625e+00
5.232306480407714844e+00
5.229338169097900391e+00
5.236232280731201172e+00
5.230885505676269531e+00
5.209666252136230469e+00
5.221845626831054688e+00
5.239730358123779297e+00
5.264163017272949219e+00
5.157938003540039062e+00
5.191771030426025391e+00
5.231019020080566406e+00
5.148625850677490234e+00
5.299062252044677734e+00
5.142184734344482422e+00
5.159121990203857422e+00
5.261085033416748047e+00
5.204408645629882812e+00
5.216330051422119141e+00
5.206466197967529297e+00
5.229098796844482422e+00
5.233094215393066406e+00
5.256711006164550781e+00
5.281841278076171875e+00
5.293506622314453125e+00
5.330950260162353516e+00
5.243849277496337891e+00
5.240643978118896484e+00
5.247382164001464844e+00
5.195333003997802734e+00
5.313378334045410156e+00
5.236125469207763672e+00
5.217372894287109375e+00
5.232802867889404297e+00
5.213337898254394531e+00
5.232968330383300781e+00
5.227500915527343750e+00
5.253194808959960938e+00
5.248081684112548828e+00
5.212748527526855469e+00
5.214236259460449219e+00
5.257190704345703125e+00
5.249251842498779297e+00
5.233520984649658203e+00
5.236948490142822266e+00
5.200734615325927734e+00
5.197641849517822266e+00
5.220916271209716797e+00
5.219415187835693359e+00
5.192525386810302734e+00
5.235517024993896484e+00
5.210003852844238281e+00
5.223312377929687500e+00
5.224558830261230469e+00
5.209143161773681641e+00
5.202342510223388672e+00
5.307786941528320312e+00
5.206040382385253906e+00
5.180405616760253906e+00
5.277936935424804688e+00
5.166038990020751953e+00
5.236757755279541016e+00
5.159610748291015625e+00
5.214940071105957031e+00
5.156876087188720703e+00
5.210033416748046875e+00
5.245185375213623047e+00
5.207609176635742188e+00
5.207986831665039062e+00
5.196543693542480469e+00
5.241542816162109375e+00
5.307456016540527344e+00
5.294886589050292969e+00
5.266588211059570312e+00
5.291129112243652344e+00
5.228974819183349609e+00
5.208882331848144531e+00
5.204315662384033203e+00
5.223857879638671875e+00
5.216388702392578125e+00
5.221522808074951172e+00
5.219529628753662109e+00
5.239667415618896484e+00
5.190489292144775391e+00
5.211634159088134766e+00
5.213306903839111328e+00
5.220404624938964844e+00
5.240406990051269531e+00
5.220804214477539062e+00
5.234936237335205078e+00
5.197290420532226562e+00
5.243234634399414062e+00
5.222059249877929688e+00
5.228120803833007812e+00
5.211025238037109375e+00
5.227651596069335938e+00
5.207241058349609375e+00
5.212653160095214844e+00
5.219196796417236328e+00
5.236388683319091797e+00
5.219853401184082031e+00
5.229793071746826172e+00
5.212798118591308594e+00
5.205873012542724609e+00
5.205306529998779297e+00
5.210627555847167969e+00
5.218224525451660156e+00
5.153661727905273438e+00
5.256251811981201172e+00
5.231988906860351562e+00
5.190604209899902344e+00
5.267755985260009766e+00
5.257838249206542969e+00
5.220115184783935547e+00
5.256008625030517578e+00
5.188040733337402344e+00
5.207007884979248047e+00
5.220953464508056641e+00
5.204405307769775391e+00
5.153218746185302734e+00
5.322917938232421875e+00
5.327229022979736328e+00
5.240332126617431641e+00
5.247923851013183594e+00
5.228487491607666016e+00
5.235916614532470703e+00
5.219247817993164062e+00
5.241459369659423828e+00
5.202550411224365234e+00
5.182817935943603516e+00
5.236991405487060547e+00
5.178915023803710938e+00
5.232505798339843750e+00
5.202281951904296875e+00
5.201704978942871094e+00
5.219398975372314453e+00
5.215463161468505859e+00
5.225975990295410156e+00
5.275208473205566406e+00
5.221320152282714844e+00
5.195805549621582031e+00
5.196916103363037109e+00
5.233261585235595703e+00
5.214203357696533203e+00
5.226253509521484375e+00
5.207511901855468750e+00
5.237926006317138672e+00
5.224733352661132812e+00
5.271402359008789062e+00
5.221628189086914062e+00
5.233403682708740234e+00
5.244391918182373047e+00
5.240905284881591797e+00
5.205878257751464844e+00
5.163658142089843750e+00
5.226117134094238281e+00
5.237912178039550781e+00
5.222072124481201172e+00
5.296046733856201172e+00
5.211501121520996094e+00
5.243511199951171875e+00
5.205689430236816406e+00
5.194916248321533203e+00
5.191056251525878906e+00
5.220986366271972656e+00
5.201895713806152344e+00
5.235662937164306641e+00
5.196622371673583984e+00
5.218705654144287109e+00
5.372857093811035156e+00
5.294097423553466797e+00
5.354328155517578125e+00
5.242371082305908203e+00
5.232479095458984375e+00
5.234018325805664062e+00
5.196972846984863281e+00
5.244506835937500000e+00
5.188562393188476562e+00
5.264549255371093750e+00
5.246387004852294922e+00
5.218772411346435547e+00
5.209541797637939453e+00
5.206027984619140625e+00
5.237642765045166016e+00
5.184572219848632812e+00
5.248892784118652344e+00
5.232917308807373047e+00
5.231371879577636719e+00
5.217636585235595703e+00
5.213666915893554688e+00
5.212978363037109375e+00
5.226637840270996094e+00
5.218720436096191406e+00
5.228844642639160156e+00
5.221585750579833984e+00
5.234854698181152344e+00
5.204211235046386719e+00
5.245074748992919922e+00
5.231398105621337891e+00
5.219406604766845703e+00
5.245733737945556641e+00
5.226891040802001953e+00
5.273002147674560547e+00
5.238126754760742188e+00
5.178698062896728516e+00
5.170890808105468750e+00
5.214441776275634766e+00
5.229373931884765625e+00
5.270233631134033203e+00
5.191343307495117188e+00
5.225292682647705078e+00
5.155052185058593750e+00
5.196461200714111328e+00
5.210600376129150391e+00
5.182526111602783203e+00
5.235291481018066406e+00
5.230409622192382812e+00
5.236009120941162109e+00
5.208270549774169922e+00
5.337005138397216797e+00
5.278754711151123047e+00
5.347519874572753906e+00
5.288725376129150391e+00
5.197978973388671875e+00
5.254554271697998047e+00
5.263537883758544922e+00
5.246129989624023438e+00
5.243299961090087891e+00
5.205272197723388672e+00
5.207736492156982422e+00
5.233782291412353516e+00
5.196005821228027344e+00
5.218609333038330078e+00
5.224782943725585938e+00
5.229285240173339844e+00
5.202872276306152344e+00
5.229791641235351562e+00
5.232555389404296875e+00
5.206338882446289062e+00
5.227943420410156250e+00
5.251149177551269531e+00
5.225050449371337891e+00
5.208047389984130859e+00
5.199151992797851562e+00
5.246026992797851562e+00
5.230631828308105469e+00
5.219226837158203125e+00
5.198198795318603516e+00
5.224960803985595703e+00
5.219285011291503906e+00
5.247693061828613281e+00
5.184073448181152344e+00
5.207950115203857422e+00
5.278507232666015625e+00
5.197667598724365234e+00
5.198821067810058594e+00
5.243608474731445312e+00
5.194648265838623047e+00
5.227057456970214844e+00
5.261304855346679688e+00
5.229289054870605469e+00
5.169417381286621094e+00
5.246922969818115234e+00
5.193334579467773438e+00
5.229246139526367188e+00
5.221130371093750000e+00
5.199972152709960938e+00
5.228308677673339844e+00
5.205597400665283203e+00
5.318191528320312500e+00
5.264372348785400391e+00
5.248741149902343750e+00
5.257931232452392578e+00
5.235625743865966797e+00
5.231703281402587891e+00
5.222651958465576172e+00
5.243903160095214844e+00
5.202182292938232422e+00
5.252155303955078125e+00
5.197302818298339844e+00
5.231011867523193359e+00
5.227404594421386719e+00
5.210013389587402344e+00
5.229448318481445312e+00
5.208396434783935547e+00
5.203654289245605469e+00
5.223430633544921875e+00
5.229086875915527344e+00
5.215311050415039062e+00
5.213697433471679688e+00
5.215652942657470703e+00
5.221508026123046875e+00
5.210119724273681641e+00
5.225364685058593750e+00
5.212287902832031250e+00
5.239516735076904297e+00
5.250320911407470703e+00
5.222891330718994141e+00
5.242309570312500000e+00
5.217350482940673828e+00
5.247348308563232422e+00
5.194561481475830078e+00
5.175850391387939453e+00
5.242756366729736328e+00
5.192625522613525391e+00
5.203452587127685547e+00
5.210319519042968750e+00
5.229382991790771484e+00
5.196399211883544922e+00
5.236611366271972656e+00
5.199871540069580078e+00
5.202482700347900391e+00
5.295644760131835938e+00
5.192908763885498047e+00
5.194868087768554688e+00
5.192957878112792969e+00
5.195673465728759766e+00
5.212991237640380859e+00
5.225548267364501953e+00
5.355753421783447266e+00
5.293395519256591797e+00
5.292955398559570312e+00
5.235339164733886719e+00
5.287191867828369141e+00
5.263487339019775391e+00
5.251670837402343750e+00
5.192401409149169922e+00
5.215157985687255859e+00
5.245067119598388672e+00
5.240083217620849609e+00
5.231477737426757812e+00
5.217315673828125000e+00
5.207816123962402344e+00
5.236885547637939453e+00
5.198319435119628906e+00
5.262580871582031250e+00
5.209492206573486328e+00
5.220312118530273438e+00
5.236080646514892578e+00
5.232550144195556641e+00
5.216807842254638672e+00
5.222917556762695312e+00
5.219171524047851562e+00
5.206137657165527344e+00
5.189867019653320312e+00
5.217679977416992188e+00
5.220841407775878906e+00
5.241651535034179688e+00
5.230771064758300781e+00
5.201087474822998047e+00
5.236553668975830078e+00
5.249850273132324219e+00
5.243422985076904297e+00
5.181001663208007812e+00
5.266431331634521484e+00
5.178321838378906250e+00
5.212043762207031250e+00
5.230475425720214844e+00
5.184936046600341797e+00
5.190818786621093750e+00
5.205958366394042969e+00
5.277643680572509766e+00
5.252265930175781250e+00
5.202821254730224609e+00
5.176098823547363281e+00
5.205578327178955078e+00
5.186866283416748047e+00
5.233176231384277344e+00
5.188531875610351562e+00
5.225500106811523438e+00
5.356995105743408203e+00
5.368443489074707031e+00
5.312168598175048828e+00
5.251507759094238281e+00
5.224081039428710938e+00
5.270673751831054688e+00
5.238587379455566406e+00
5.245565891265869141e+00
5.207476615905761719e+00
5.196845531463623047e+00
5.244558334350585938e+00
5.199004650115966797e+00
5.250771522521972656e+00
5.234282016754150391e+00
5.220613956451416016e+00
5.200616359710693359e+00
5.244530677795410156e+00
5.232662677764892578e+00
5.235423088073730469e+00
5.232871532440185547e+00
5.220451831817626953e+00
5.220486164093017578e+00
5.215272426605224609e+00
5.198034286499023438e+00
5.213653087615966797e+00
5.199417591094970703e+00
5.209221363067626953e+00
5.243458271026611328e+00
5.243262767791748047e+00
5.244093418121337891e+00
5.208303451538085938e+00
5.224631786346435547e+00
5.224940299987792969e+00
5.273726463317871094e+00
5.252060890197753906e+00
5.272050857543945312e+00
5.251265048980712891e+00
5.191984176635742188e+00
5.243356704711914062e+00
5.213589191436767578e+00
5.203216552734375000e+00
5.226279735565185547e+00
5.252306461334228516e+00
5.191618919372558594e+00
5.189198970794677734e+00
5.179688930511474609e+00
5.182151794433593750e+00
5.226438999176025391e+00
5.212809562683105469e+00
5.163639068603515625e+00
5.213145256042480469e+00
5.372800827026367188e+00
5.330655574798583984e+00
5.299154758453369141e+00
5.298591136932373047e+00
5.275919437408447266e+00
5.202148437500000000e+00
5.267528533935546875e+00
5.192027091979980469e+00
5.217766761779785156e+00
5.216144561767578125e+00
5.220482826232910156e+00
5.231146335601806641e+00
5.211524486541748047e+00
5.219857692718505859e+00
5.221612930297851562e+00
5.184406280517578125e+00
5.196819782257080078e+00
5.229779720306396484e+00
5.254167079925537109e+00
5.209208011627197266e+00
5.235065460205078125e+00
5.196699142456054688e+00
5.216082572937011719e+00
5.217575550079345703e+00
5.226939201354980469e+00
5.205489158630371094e+00
5.260064125061035156e+00
5.194293022155761719e+00
5.250147342681884766e+00
5.221468925476074219e+00
5.295905113220214844e+00
5.178902626037597656e+00
5.279447555541992188e+00
5.224588871002197266e+00
5.215309619903564453e+00
5.184870243072509766e+00
5.217462062835693359e+00
5.240704059600830078e+00
5.185425758361816406e+00
5.234881401062011719e+00
5.192761421203613281e+00
5.210585594177246094e+00
5.167120456695556641e+00
5.251917839050292969e+00
5.242005825042724609e+00
5.217815876007080078e+00
5.204730987548828125e+00
5.217405796051025391e+00
5.158751487731933594e+00
5.221954345703125000e+00
5.192316055297851562e+00
5.227543830871582031e+00
5.347569942474365234e+00
5.303870677947998047e+00
5.267337799072265625e+00
5.261964321136474609e+00
5.312963485717773438e+00
5.225141048431396484e+00
5.264051437377929688e+00
5.222805976867675781e+00
5.202179431915283203e+00
5.193305492401123047e+00
5.255106449127197266e+00
5.240890502929687500e+00
5.210943698883056641e+00
5.202069759368896484e+00
5.256745338439941406e+00
5.187858581542968750e+00
5.210002899169921875e+00
5.218344688415527344e+00
5.208066940307617188e+00
5.235771179199218750e+00
5.234888076782226562e+00
5.243426799774169922e+00
5.226888656616210938e+00
5.211723804473876953e+00
5.213025093078613281e+00
5.198098659515380859e+00
5.262548446655273438e+00
5.206261157989501953e+00
5.223361015319824219e+00
5.217203617095947266e+00
5.230677127838134766e+00
5.211322307586669922e+00
5.212579727172851562e+00
5.279729366302490234e+00
5.256841659545898438e+00
5.195917606353759766e+00
5.207369804382324219e+00
5.320779323577880859e+00
5.184658527374267578e+00
5.250520706176757812e+00
5.193634986877441406e+00
5.231395721435546875e+00
5.195409774780273438e+00
5.229082107543945312e+00
5.191271781921386719e+00
5.193806648254394531e+00
5.201548099517822266e+00
5.206425189971923828e+00
5.197843074798583984e+00
5.235061168670654297e+00
5.194118976593017578e+00
5.176993370056152344e+00
5.287049293518066406e+00
5.373807907104492188e+00
5.267308235168457031e+00
5.226050376892089844e+00
5.327580451965332031e+00
5.254251480102539062e+00
5.226247310638427734e+00
5.236033439636230469e+00
5.245631217956542969e+00
5.253211021423339844e+00
5.199048519134521484e+00
5.222539901733398438e+00
5.210172176361083984e+00
5.189315319061279297e+00
5.207354068756103516e+00
5.199230194091796875e+00
5.220099449157714844e+00
5.220231056213378906e+00
5.212259292602539062e+00
5.235561370849609375e+00
5.210713863372802734e+00
5.226230144500732422e+00
5.234416007995605469e+00
5.229852676391601562e+00
5.204393863677978516e+00
5.228498935699462891e+00
5.223002433776855469e+00
5.221502304077148438e+00
5.251357078552246094e+00
5.247797012329101562e+00
5.207348823547363281e+00
5.233725547790527344e+00
5.204346656799316406e+00
5.225532531738281250e+00
5.187191009521484375e+00
5.235663414001464844e+00
5.198684215545654297e+00
5.228666782379150391e+00
5.224540233612060547e+00
5.233459472656250000e+00
5.255165100097656250e+00
5.197293758392333984e+00
5.210773944854736328e+00
5.198823451995849609e+00
5.226472377777099609e+00
5.213479518890380859e+00
5.196893215179443359e+00
5.179175853729248047e+00
5.177161693572998047e+00
5.208353042602539062e+00
5.247783660888671875e+00
5.209204196929931641e+00
5.355950355529785156e+00
5.330423355102539062e+00
5.311747550964355469e+00
5.297442436218261719e+00
5.210818767547607422e+00
5.248743057250976562e+00
5.227834224700927734e+00
5.238530635833740234e+00
5.222393512725830078e+00
5.236035823822021484e+00
5.240201473236083984e+00
5.206768989562988281e+00
5.249377250671386719e+00
5.215377330780029297e+00
5.214343547821044922e+00
5.221581459045410156e+00
5.215604305267333984e+00
5.214400768280029297e+00
5.215652942657470703e+00
5.186720848083496094e+00
5.217832565307617188e+00
5.223484992980957031e+00
5.227315902709960938e+00
5.239896297454833984e+00
5.211893558502197266e+00
5.195887088775634766e+00
5.205806255340576172e+00
5.223161697387695312e+00
5.236742019653320312e+00
5.209931373596191406e+00
5.224344730377197266e+00
5.232577800750732422e+00
5.239557743072509766e+00
5.231276988983154297e+00
5.199454784393310547e+00
5.222317695617675781e+00
5.191102981567382812e+00
5.372606277465820312e+00
5.186478137969970703e+00
5.200830936431884766e+00
5.209328174591064453e+00
5.231655120849609375e+00
5.216115951538085938e+00
5.220756530761718750e+00
5.214169979095458984e+00
5.211817741394042969e+00
5.220994472503662109e+00
5.197462558746337891e+00
5.191028594970703125e+00
5.204234600067138672e+00
5.210891723632812500e+00
5.213776111602783203e+00
5.179034709930419922e+00
5.345130443572998047e+00
5.386911869049072266e+00
5.284768104553222656e+00
5.358164787292480469e+00
5.240460872650146484e+00
5.205363273620605469e+00
5.236138820648193359e+00
5.210528850555419922e+00
5.217183113098144531e+00
5.209217071533203125e+00
5.231571197509765625e+00
5.199429988861083984e+00
5.250370979309082031e+00
5.205798625946044922e+00
5.210161685943603516e+00
5.200181484222412109e+00
5.192207813262939453e+00
5.169200897216796875e+00
5.236844539642333984e+00
5.199027538299560547e+00
5.222261428833007812e+00
5.217879772186279297e+00
5.222810745239257812e+00
5.214053630828857422e+00
5.198784828186035156e+00
5.190644264221191406e+00
5.250241279602050781e+00
5.222626209259033203e+00
5.218845367431640625e+00
5.224450588226318359e+00
5.280632019042968750e+00
5.232850074768066406e+00
5.202767372131347656e+00
5.268707275390625000e+00
5.228006362915039062e+00
5.250387191772460938e+00
5.195264816284179688e+00
5.221214771270751953e+00
5.260414600372314453e+00
5.239120006561279297e+00
5.237639427185058594e+00
5.188466072082519531e+00
5.195886611938476562e+00
5.214881420135498047e+00
5.194628238677978516e+00
5.184546470642089844e+00
5.215771675109863281e+00
5.179303169250488281e+00
5.272408485412597656e+00
5.220603942871093750e+00
5.238114356994628906e+00
5.194833755493164062e+00
5.208637237548828125e+00
5.336814880371093750e+00
5.284086704254150391e+00
5.352001190185546875e+00
5.327047824859619141e+00
5.223027229309082031e+00
5.304001331329345703e+00
5.201160430908203125e+00
5.247797012329101562e+00
5.204090595245361328e+00
5.215600013732910156e+00
5.245896816253662109e+00
5.224343776702880859e+00
5.215004444122314453e+00
5.249232769012451172e+00
5.228483200073242188e+00
5.247464656829833984e+00
5.210318565368652344e+00
5.212244510650634766e+00
5.227489471435546875e+00
5.213956832885742188e+00
5.203626155853271484e+00
5.241916179656982422e+00
5.198553085327148438e+00
5.218613624572753906e+00
5.187798976898193359e+00
5.210411548614501953e+00
5.251847743988037109e+00
5.217020511627197266e+00
5.206314563751220703e+00
5.240260124206542969e+00
5.257122039794921875e+00
5.235544204711914062e+00
5.262851715087890625e+00
5.268447875976562500e+00
5.227472782135009766e+00
5.245842456817626953e+00
5.233047008514404297e+00
5.233309268951416016e+00
5.180704593658447266e+00
5.247363090515136719e+00
5.231746196746826172e+00
5.200157165527343750e+00
5.208929538726806641e+00
5.188359260559082031e+00
5.173492908477783203e+00
5.217210769653320312e+00
5.191597938537597656e+00
5.197449684143066406e+00
5.203870296478271484e+00
5.258168220520019531e+00
5.181873321533203125e+00
5.216118812561035156e+00
5.198512077331542969e+00
5.207036018371582031e+00
5.358386993408203125e+00
5.328346252441406250e+00
5.321883201599121094e+00
5.321413516998291016e+00
5.225657463073730469e+00
5.279787063598632812e+00
5.193738460540771484e+00
5.199008464813232422e+00
5.223170280456542969e+00
5.232659339904785156e+00
5.264713764190673828e+00
5.218809127807617188e+00
5.210046768188476562e+00
5.237148761749267578e+00
5.183186531066894531e+00
5.190410614013671875e+00
5.217863559722900391e+00
5.216095924377441406e+00
5.207041263580322266e+00
5.191643238067626953e+00
5.231608867645263672e+00
5.222681522369384766e+00
5.202516555786132812e+00
5.222852706909179688e+00
5.248181819915771484e+00
5.214444637298583984e+00
5.220204353332519531e+00
5.214841842651367188e+00
5.207215309143066406e+00
5.244091987609863281e+00
5.225446701049804688e+00
5.231248378753662109e+00
5.215867996215820312e+00
5.218904972076416016e+00
5.186758041381835938e+00
5.202764511108398438e+00
5.243579864501953125e+00
5.263160228729248047e+00
5.188561439514160156e+00
5.242222309112548828e+00
5.183737277984619141e+00
5.221462249755859375e+00
5.233319759368896484e+00
5.199440479278564453e+00
5.231333732604980469e+00
5.185960769653320312e+00
5.221247673034667969e+00
5.180757999420166016e+00
5.199424266815185547e+00
5.221301078796386719e+00
5.188829421997070312e+00
5.245303153991699219e+00
5.181087017059326172e+00
5.222900867462158203e+00
5.290462017059326172e+00
5.326117992401123047e+00
5.325362205505371094e+00
5.292663574218750000e+00
5.442855358123779297e+00
5.258976459503173828e+00
5.302701950073242188e+00
5.213008880615234375e+00
5.190389156341552734e+00
5.221670150756835938e+00
5.233034133911132812e+00
5.204041004180908203e+00
5.217018604278564453e+00
5.198044776916503906e+00
5.221231460571289062e+00
5.201592922210693359e+00
5.206286907196044922e+00
5.199767589569091797e+00
5.228998184204101562e+00
5.213754653930664062e+00
5.219811916351318359e+00
5.235965728759765625e+00
5.225354194641113281e+00
5.225966453552246094e+00
5.218054294586181641e+00
5.248033523559570312e+00
5.194203376770019531e+00
5.190105915069580078e+00
5.231077194213867188e+00
5.240988254547119141e+00
5.212876796722412109e+00
5.232080936431884766e+00
5.225739002227783203e+00
5.252622127532958984e+00
5.201469898223876953e+00
5.180004119873046875e+00
5.238322734832763672e+00
5.204236984252929688e+00
5.267233848571777344e+00
5.228193283081054688e+00
5.269676685333251953e+00
5.202093124389648438e+00
5.238614082336425781e+00
5.214629173278808594e+00
5.202561378479003906e+00
5.211867809295654297e+00
5.211868286132812500e+00
5.198673725128173828e+00
5.213908672332763672e+00
5.237694740295410156e+00
5.194529533386230469e+00
5.232220172882080078e+00
5.255523681640625000e+00
5.179275035858154297e+00
5.364923477172851562e+00
5.321482658386230469e+00
5.413681507110595703e+00
5.340379714965820312e+00
5.363181114196777344e+00
5.284616947174072266e+00
5.247759819030761719e+00
5.227118968963623047e+00
5.206026554107666016e+00
5.258521556854248047e+00
5.184495449066162109e+00
5.208569049835205078e+00
5.205318927764892578e+00
5.225990295410156250e+00
5.233487129211425781e+00
5.172128677368164062e+00
5.202449798583984375e+00
5.196316242218017578e+00
5.254896640777587891e+00
5.186482906341552734e+00
5.188871383666992188e+00
5.189352035522460938e+00
5.249276161193847656e+00
5.204410076141357422e+00
5.235956192016601562e+00
5.201361179351806641e+00
5.250569343566894531e+00
5.240265846252441406e+00
5.230192661285400391e+00
5.249074935913085938e+00
5.233777046203613281e+00
5.215595245361328125e+00
5.235690593719482422e+00
5.250565052032470703e+00
5.317570686340332031e+00
5.195371150970458984e+00
5.252606868743896484e+00
5.253316879272460938e+00
5.230863571166992188e+00
5.259750843048095703e+00
5.222035408020019531e+00
5.183845996856689453e+00
5.187780857086181641e+00
5.233644962310791016e+00
5.195871829986572266e+00
5.229216098785400391e+00
5.212222576141357422e+00
5.196099758148193359e+00
5.198822498321533203e+00
5.204178810119628906e+00
5.169397354125976562e+00
5.230396747589111328e+00
5.187776565551757812e+00
5.184615135192871094e+00
5.376682281494140625e+00
5.343322277069091797e+00
5.336852073669433594e+00
5.306894779205322266e+00
5.310524463653564453e+00
5.347710609436035156e+00
5.250627517700195312e+00
5.258618831634521484e+00
5.231840610504150391e+00
5.224348068237304688e+00
5.179552555084228516e+00
5.210888385772705078e+00
5.228065967559814453e+00
5.210706710815429688e+00
5.219057083129882812e+00
5.210390567779541016e+00
5.228450298309326172e+00
5.207249641418457031e+00
5.227918148040771484e+00
5.220520496368408203e+00
5.212271690368652344e+00
5.240376472473144531e+00
5.241658210754394531e+00
5.205572128295898438e+00
5.225779533386230469e+00
5.232047557830810547e+00
5.229754924774169922e+00
5.243721961975097656e+00
5.207633018493652344e+00
5.217591285705566406e+00
5.215572834014892578e+00
5.215727806091308594e+00
5.259097099304199219e+00
5.218717575073242188e+00
5.243722438812255859e+00
5.268986225128173828e+00
5.197483062744140625e+00
5.213395595550537109e+00
5.200927734375000000e+00
5.229280948638916016e+00
5.200606346130371094e+00
5.175972461700439453e+00
5.202918529510498047e+00
5.214458465576171875e+00
5.191087722778320312e+00
5.201878547668457031e+00
5.199393272399902344e+00
5.204754352569580078e+00
5.203217983245849609e+00
5.201664924621582031e+00
5.210691452026367188e+00
5.196713924407958984e+00
5.208878040313720703e+00
5.201818943023681641e+00
5.351174831390380859e+00
5.430248260498046875e+00
5.307180881500244141e+00
5.326782226562500000e+00
5.318445682525634766e+00
5.257808685302734375e+00
5.382482051849365234e+00
5.274677753448486328e+00
5.287717342376708984e+00
5.207500934600830078e+00
5.210686683654785156e+00
5.216218471527099609e+00
5.205286979675292969e+00
5.240761280059814453e+00
5.229113578796386719e+00
5.226407527923583984e+00
5.210565090179443359e+00
5.198143959045410156e+00
5.230702400207519531e+00
5.230172157287597656e+00
5.228085994720458984e+00
5.204183578491210938e+00
5.242845535278320312e+00
5.219267368316650391e+00
5.209196567535400391e+00
5.220400810241699219e+00
5.213886737823486328e+00
5.203730583190917969e+00
5.244356632232666016e+00
5.232089996337890625e+00
5.238995552062988281e+00
5.222754001617431641e+00
5.215710639953613281e+00
5.280529499053955078e+00
5.177231311798095703e+00
5.225813865661621094e+00
5.216547966003417969e+00
5.195547103881835938e+00
5.212461471557617188e+00
5.234556198120117188e+00
5.205090522766113281e+00
5.209936141967773438e+00
5.178104400634765625e+00
5.226211071014404297e+00
5.180428028106689453e+00
5.181117057800292969e+00
5.238370418548583984e+00
5.199408531188964844e+00
5.184710979461669922e+00
5.179738044738769531e+00
5.188259124755859375e+00
5.206377506256103516e+00
5.212396621704101562e+00
5.176268100738525391e+00
5.361886978149414062e+00
5.308868408203125000e+00
5.345655918121337891e+00
5.292296886444091797e+00
5.331283092498779297e+00
5.247518539428710938e+00
5.298093795776367188e+00
5.278624057769775391e+00
5.223236083984375000e+00
5.216741085052490234e+00
5.206436634063720703e+00
5.217220783233642578e+00
5.216140270233154297e+00
5.205530643463134766e+00
5.215093612670898438e+00
5.238903999328613281e+00
5.204188346862792969e+00
5.221072673797607422e+00
5.247244358062744141e+00
5.222176074981689453e+00
5.227509021759033203e+00
5.239816665649414062e+00
5.223681449890136719e+00
5.248250007629394531e+00
5.221531391143798828e+00
5.226289749145507812e+00
5.212777137756347656e+00
5.233308792114257812e+00
5.207491397857666016e+00
5.222844123840332031e+00
5.206587314605712891e+00
5.230428218841552734e+00
5.223047733306884766e+00
5.224172115325927734e+00
5.242540836334228516e+00
5.191201686859130859e+00
5.199523448944091797e+00
5.214148044586181641e+00
5.322511196136474609e+00
5.209358215332031250e+00
5.226115226745605469e+00
5.204668045043945312e+00
5.166265010833740234e+00
5.240062713623046875e+00
5.236689567565917969e+00
5.206572055816650391e+00
5.210240364074707031e+00
5.189617156982421875e+00
5.208480834960937500e+00
5.198961257934570312e+00
5.210110187530517578e+00
5.169310092926025391e+00
5.231463909149169922e+00
5.228644847869873047e+00
5.286618709564208984e+00
5.331516265869140625e+00
5.325397968292236328e+00
5.321852684020996094e+00
5.324100971221923828e+00
5.256581783294677734e+00
5.245381832122802734e+00
5.261606693267822266e+00
5.209185600280761719e+00
5.215857028961181641e+00
5.227791786193847656e+00
5.223687171936035156e+00
5.198341846466064453e+00
5.229996204376220703e+00
5.213819026947021484e+00
5.217687129974365234e+00
5.226489067077636719e+00
5.197594642639160156e+00
5.221562385559082031e+00
5.212863922119140625e+00
5.238138675689697266e+00
5.223938941955566406e+00
5.224766254425048828e+00
5.221460342407226562e+00
5.229802608489990234e+00
5.191025733947753906e+00
5.208242893218994141e+00
5.217524051666259766e+00
5.209931850433349609e+00
5.227639198303222656e+00
5.239866256713867188e+00
5.209397792816162109e+00
5.213282108306884766e+00
5.209344863891601562e+00
5.224389553070068359e+00
5.231555938720703125e+00
5.242953777313232422e+00
5.211506366729736328e+00
5.247709751129150391e+00
5.261001586914062500e+00
5.226897716522216797e+00
5.185665130615234375e+00
5.156533718109130859e+00
5.228207588195800781e+00
5.211995601654052734e+00
5.217918872833251953e+00
5.194154262542724609e+00
5.196481227874755859e+00
5.203870296478271484e+00
5.229074954986572266e+00
5.207141876220703125e+00
5.185281276702880859e+00
5.211739540100097656e+00
5.321132659912109375e+00
5.342242717742919922e+00
5.358514785766601562e+00
5.359153747558593750e+00
5.311207294464111328e+00
5.311185359954833984e+00
5.349874496459960938e+00
5.255316734313964844e+00
5.247401237487792969e+00
5.227369308471679688e+00
5.261091232299804688e+00
5.218796730041503906e+00
5.224805831909179688e+00
5.216229438781738281e+00
5.203156471252441406e+00
5.223479747772216797e+00
5.240055084228515625e+00
5.236374855041503906e+00
5.205254077911376953e+00
5.214918136596679688e+00
5.230080604553222656e+00
5.228299140930175781e+00
5.214834213256835938e+00
5.229866504669189453e+00
5.207714557647705078e+00
5.252561092376708984e+00
5.213654994964599609e+00
5.190160751342773438e+00
5.224059581756591797e+00
5.230843067169189453e+00
5.236583709716796875e+00
5.179242134094238281e+00
5.214799880981445312e+00
5.194577217102050781e+00
5.227496147155761719e+00
5.237487316131591797e+00
5.213201045989990234e+00
5.231173515319824219e+00
5.211154460906982422e+00
5.210706233978271484e+00
5.225591659545898438e+00
5.252958297729492188e+00
5.184360504150390625e+00
5.174753665924072266e+00
5.231396675109863281e+00
5.206670284271240234e+00
5.255279541015625000e+00
5.150501251220703125e+00
5.230232238769531250e+00
5.215014457702636719e+00
5.203052997589111328e+00
5.184818267822265625e+00
5.213568210601806641e+00
5.238348484039306641e+00
5.379521369934082031e+00
5.325202941894531250e+00
5.352476596832275391e+00
5.327908515930175781e+00
5.293404579162597656e+00
5.280128002166748047e+00
5.320676326751708984e+00
5.300936222076416016e+00
5.261696815490722656e+00
5.193113803863525391e+00
5.219720840454101562e+00
5.223957538604736328e+00
5.217852115631103516e+00
5.219611644744873047e+00
5.224116325378417969e+00
5.225243091583251953e+00
5.214134693145751953e+00
5.194695949554443359e+00
5.217888355255126953e+00
5.190944194793701172e+00
5.218111038208007812e+00
5.210877895355224609e+00
5.203280925750732422e+00
5.203150749206542969e+00
5.221300601959228516e+00
5.188342571258544922e+00
5.228487968444824219e+00
5.210245609283447266e+00
5.200341701507568359e+00
5.207875728607177734e+00
5.217702865600585938e+00
5.310012817382812500e+00
5.213848114013671875e+00
5.253735542297363281e+00
5.210501670837402344e+00
5.212953567504882812e+00
5.220577239990234375e+00
5.253758430480957031e+00
5.220354080200195312e+00
5.222658634185791016e+00
5.230499744415283203e+00
5.226456642150878906e+00
5.176314353942871094e+00
5.210086345672607422e+00
5.262678623199462891e+00
5.174348831176757812e+00
5.262662887573242188e+00
5.206651687622070312e+00
5.202681541442871094e+00
5.224344253540039062e+00
5.188352584838867188e+00
5.217809677124023438e+00
5.278731822967529297e+00
5.207665920257568359e+00
5.332484722137451172e+00
5.312728881835937500e+00
5.328336715698242188e+00
5.409345149993896484e+00
5.288325309753417969e+00
5.276463031768798828e+00
5.286069869995117188e+00
5.228507995605468750e+00
5.250340938568115234e+00
5.224322319030761719e+00
5.210264682769775391e+00
5.195598602294921875e+00
5.246665477752685547e+00
5.214646339416503906e+00
5.234846591949462891e+00
5.234045982360839844e+00
5.243314743041992188e+00
5.164323806762695312e+00
5.202085018157958984e+00
5.206226348876953125e+00
5.228392124176025391e+00
5.207761764526367188e+00
5.197172641754150391e+00
5.197286605834960938e+00
5.227572441101074219e+00
5.214134693145751953e+00
5.188741683959960938e+00
5.239654064178466797e+00
5.226807594299316406e+00
5.250984191894531250e+00
5.204881668090820312e+00
5.187798976898193359e+00
5.237465858459472656e+00
5.218619346618652344e+00
5.205210208892822266e+00
5.234675407409667969e+00
5.221302032470703125e+00
5.217212677001953125e+00
5.254097461700439453e+00
5.230945587158203125e+00
5.201628208160400391e+00
5.232385158538818359e+00
5.197537422180175781e+00
5.212525844573974609e+00
5.210146903991699219e+00
5.206208229064941406e+00
5.222998142242431641e+00
5.226801872253417969e+00
5.258032798767089844e+00
5.184938907623291016e+00
5.243698596954345703e+00
5.229555130004882812e+00
5.214918613433837891e+00
5.309036254882812500e+00
5.454150199890136719e+00
5.337170600891113281e+00
5.286717891693115234e+00
5.353306770324707031e+00
5.297143936157226562e+00
5.263416290283203125e+00
5.281775474548339844e+00
5.242856502532958984e+00
5.206427097320556641e+00
5.236196994781494141e+00
5.259745597839355469e+00
5.221026897430419922e+00
5.194408893585205078e+00
5.202858924865722656e+00
5.217401027679443359e+00
5.210471630096435547e+00
5.219277858734130859e+00
5.222628116607666016e+00
5.209259033203125000e+00
5.208737373352050781e+00
5.225121974945068359e+00
5.178040027618408203e+00
5.221982955932617188e+00
5.226883888244628906e+00
5.216909408569335938e+00
5.232344150543212891e+00
5.228524208068847656e+00
5.194094657897949219e+00
5.200078964233398438e+00
5.254540443420410156e+00
5.207155227661132812e+00
5.217709064483642578e+00
5.252160072326660156e+00
5.217571735382080078e+00
5.238053321838378906e+00
5.229918479919433594e+00
5.214421749114990234e+00
5.273578166961669922e+00
5.230635166168212891e+00
5.231481552124023438e+00
5.249617099761962891e+00
5.221536159515380859e+00
5.240406036376953125e+00
5.251475334167480469e+00
5.179366111755371094e+00
5.208318233489990234e+00
5.218449592590332031e+00
5.192466735839843750e+00
5.233926773071289062e+00
5.241933345794677734e+00
5.218396186828613281e+00
5.232822418212890625e+00
5.294813156127929688e+00
5.315382003784179688e+00
5.358502864837646484e+00
5.427417278289794922e+00
5.310309886932373047e+00
5.296623706817626953e+00
5.297518730163574219e+00
5.239985466003417969e+00
5.336709499359130859e+00
5.239153385162353516e+00
5.208112716674804688e+00
5.239595413208007812e+00
5.190361022949218750e+00
5.186510086059570312e+00
5.201949119567871094e+00
5.201811790466308594e+00
5.199894905090332031e+00
5.226922988891601562e+00
5.204932689666748047e+00
5.215848445892333984e+00
5.240425109863281250e+00
5.208044052124023438e+00
5.236639022827148438e+00
5.224746704101562500e+00
5.267549037933349609e+00
5.204449176788330078e+00
5.188476562500000000e+00
5.235444068908691406e+00
5.224216461181640625e+00
5.207948684692382812e+00
5.226703166961669922e+00
5.207037925720214844e+00
5.235607624053955078e+00
5.222846508026123047e+00
5.209463596343994141e+00
5.191691398620605469e+00
5.218571186065673828e+00
5.265460491180419922e+00
5.188545227050781250e+00
5.241922378540039062e+00
5.211479187011718750e+00
5.204793453216552734e+00
5.220712661743164062e+00
5.188591480255126953e+00
5.213186264038085938e+00
5.181956291198730469e+00
5.228493690490722656e+00
5.221103668212890625e+00
5.204105377197265625e+00
5.260341167449951172e+00
5.228712081909179688e+00
5.169615745544433594e+00
5.200625419616699219e+00
5.203241348266601562e+00
5.298959255218505859e+00
5.282955169677734375e+00
5.381556987762451172e+00
5.291391372680664062e+00
5.326786041259765625e+00
5.334389209747314453e+00
5.329675674438476562e+00
5.286630153656005859e+00
5.284331798553466797e+00
5.270465373992919922e+00
5.230976581573486328e+00
5.199406623840332031e+00
5.216744422912597656e+00
5.243159294128417969e+00
5.202256202697753906e+00
5.201625347137451172e+00
5.211277008056640625e+00
5.213191032409667969e+00
5.215733051300048828e+00
5.224018096923828125e+00
5.239207744598388672e+00
5.195065975189208984e+00
5.194616794586181641e+00
5.192122459411621094e+00
5.220719337463378906e+00
5.232021331787109375e+00
5.193500995635986328e+00
5.209711074829101562e+00
5.245524883270263672e+00
5.200886249542236328e+00
5.240294933319091797e+00
5.265550613403320312e+00
5.223938465118408203e+00
5.202267169952392578e+00
5.195734024047851562e+00
5.246164321899414062e+00
5.179395675659179688e+00
5.252060413360595703e+00
5.228767871856689453e+00
5.232118606567382812e+00
5.258663177490234375e+00
5.220553874969482422e+00
5.216886520385742188e+00
5.211192131042480469e+00
5.223078250885009766e+00
5.215025424957275391e+00
5.194412708282470703e+00
5.243313789367675781e+00
5.203901290893554688e+00
5.224306106567382812e+00
5.201653480529785156e+00
5.251156806945800781e+00
5.205209255218505859e+00
5.286278247833251953e+00
5.274304866790771484e+00
5.320971488952636719e+00
5.321807861328125000e+00
5.301583290100097656e+00
5.322474479675292969e+00
5.295258998870849609e+00
5.305262088775634766e+00
5.235212326049804688e+00
5.252310276031494141e+00
5.245304107666015625e+00
5.214663982391357422e+00
5.199244499206542969e+00
5.208282470703125000e+00
5.236855030059814453e+00
5.230136394500732422e+00
5.228166580200195312e+00
5.206693172454833984e+00
5.231564998626708984e+00
5.239658832550048828e+00
5.211633205413818359e+00
5.212213993072509766e+00
5.240693092346191406e+00
5.205274581909179688e+00
5.232408046722412109e+00
5.195322036743164062e+00
5.228503227233886719e+00
5.248236656188964844e+00
5.204542636871337891e+00
5.249604701995849609e+00
5.181178092956542969e+00
5.235965251922607422e+00
5.226246833801269531e+00
5.219114303588867188e+00
5.198633670806884766e+00
5.244410514831542969e+00
5.219932079315185547e+00
5.226305961608886719e+00
5.236391067504882812e+00
5.217527389526367188e+00
5.257890224456787109e+00
5.226493835449218750e+00
5.218667507171630859e+00
5.172243118286132812e+00
5.199462413787841797e+00
5.229820251464843750e+00
5.244335174560546875e+00
5.181125164031982422e+00
5.204340457916259766e+00
5.205775260925292969e+00
5.196418762207031250e+00
5.231264114379882812e+00
5.206343650817871094e+00
5.263875007629394531e+00
5.316001415252685547e+00
5.279324531555175781e+00
5.366384983062744141e+00
5.302474975585937500e+00
5.319053173065185547e+00
5.293093204498291016e+00
5.314908504486083984e+00
5.244060993194580078e+00
5.292022228240966797e+00
5.214639186859130859e+00
5.226172447204589844e+00
5.222558498382568359e+00
5.235641002655029297e+00
5.192205429077148438e+00
5.196506500244140625e+00
5.211210727691650391e+00
5.232617378234863281e+00
5.223465919494628906e+00
5.197898387908935547e+00
5.198869228363037109e+00
5.219049453735351562e+00
5.225629329681396484e+00
5.225903987884521484e+00
5.204372406005859375e+00
5.206895351409912109e+00
5.264070510864257812e+00
5.190281867980957031e+00
5.259849548339843750e+00
5.193332672119140625e+00
5.216373443603515625e+00
5.220504760742187500e+00
5.235546112060546875e+00
5.237820625305175781e+00
5.214063167572021484e+00
5.232763767242431641e+00
5.217840194702148438e+00
5.215910911560058594e+00
5.217069149017333984e+00
5.202088832855224609e+00
5.207060337066650391e+00
5.226806640625000000e+00
5.212312221527099609e+00
5.222923278808593750e+00
5.188536643981933594e+00
5.201157569885253906e+00
5.220161914825439453e+00
5.188043594360351562e+00
5.255083084106445312e+00
5.216299057006835938e+00
5.191952705383300781e+00
5.197504997253417969e+00
5.166466236114501953e+00
5.273296833038330078e+00
5.349410533905029297e+00
5.300690174102783203e+00
5.334286689758300781e+00
5.291986942291259766e+00
5.292423248291015625e+00
5.267500877380371094e+00
5.308179855346679688e+00
5.241174221038818359e+00
5.281251907348632812e+00
5.210282802581787109e+00
5.219124794006347656e+00
5.235321998596191406e+00
5.220947265625000000e+00
5.212140560150146484e+00
5.188296794891357422e+00
5.219635009765625000e+00
5.170353889465332031e+00
5.254282951354980469e+00
5.242879867553710938e+00
5.191441535949707031e+00
5.217251777648925781e+00
5.216403007507324219e+00
5.232519626617431641e+00
5.217279911041259766e+00
5.218453407287597656e+00
5.199241161346435547e+00
5.261521339416503906e+00
5.241634368896484375e+00
5.206788539886474609e+00
5.178109645843505859e+00
5.220403671264648438e+00
5.224654674530029297e+00
5.252125740051269531e+00
5.201216697692871094e+00
5.209667682647705078e+00
5.202117443084716797e+00
5.197031974792480469e+00
5.232962608337402344e+00
5.225889205932617188e+00
5.225347518920898438e+00
5.224226951599121094e+00
5.222787857055664062e+00
5.241873741149902344e+00
5.213191986083984375e+00
5.227360248565673828e+00
5.205223560333251953e+00
5.246833324432373047e+00
5.212030887603759766e+00
5.230048656463623047e+00
5.207409858703613281e+00
5.185319900512695312e+00
5.254752635955810547e+00
5.294347763061523438e+00
5.388542175292968750e+00
5.242036819458007812e+00
5.305715560913085938e+00
5.297613620758056641e+00
5.312438011169433594e+00
5.248852729797363281e+00
5.311575889587402344e+00
5.247534275054931641e+00
5.308620452880859375e+00
5.200716018676757812e+00
5.206387042999267578e+00
5.211555480957031250e+00
5.208985805511474609e+00
5.207576274871826172e+00
5.207870960235595703e+00
5.221899986267089844e+00
5.230452537536621094e+00
5.254628658294677734e+00
5.217933654785156250e+00
5.197675228118896484e+00
5.214584350585937500e+00
5.219430446624755859e+00
5.209404945373535156e+00
5.236176013946533203e+00
5.218306541442871094e+00
5.227454662322998047e+00
5.216490268707275391e+00
5.225198268890380859e+00
5.302091121673583984e+00
5.210057258605957031e+00
5.216878414154052734e+00
5.230837345123291016e+00
5.220473766326904297e+00
5.223553657531738281e+00
5.230981826782226562e+00
5.178975105285644531e+00
5.222206592559814453e+00
5.238795757293701172e+00
5.197186470031738281e+00
5.210594177246093750e+00
5.218353271484375000e+00
5.225389957427978516e+00
5.206828594207763672e+00
5.239865779876708984e+00
5.253406047821044922e+00
5.209605693817138672e+00
5.211425304412841797e+00
5.248070240020751953e+00
5.212222099304199219e+00
5.243385314941406250e+00
5.219267845153808594e+00
5.205234050750732422e+00
5.406012058258056641e+00
5.324570655822753906e+00
5.418758869171142578e+00
5.336001873016357422e+00
5.310138702392578125e+00
5.325288772583007812e+00
5.277189254760742188e+00
5.328601360321044922e+00
5.289101600646972656e+00
5.307412147521972656e+00
5.224366664886474609e+00
5.253823280334472656e+00
5.224272727966308594e+00
5.177325725555419922e+00
5.210123538970947266e+00
5.224579811096191406e+00
5.214445590972900391e+00
5.213737964630126953e+00
5.234498023986816406e+00
5.216821670532226562e+00
5.217973709106445312e+00
5.230123043060302734e+00
5.207437038421630859e+00
5.208860397338867188e+00
5.216509342193603516e+00
5.265607833862304688e+00
5.216600418090820312e+00
5.198204994201660156e+00
5.243206501007080078e+00
5.202125549316406250e+00
5.200702190399169922e+00
5.246223926544189453e+00
5.228251457214355469e+00
5.208248138427734375e+00
5.218364715576171875e+00
5.237095832824707031e+00
5.207933902740478516e+00
5.232044696807861328e+00
5.220769882202148438e+00
5.188806056976318359e+00
5.233763217926025391e+00
5.210527896881103516e+00
5.211384773254394531e+00
5.206959724426269531e+00
5.255859375000000000e+00
5.222931385040283203e+00
5.195816516876220703e+00
5.232119560241699219e+00
5.205523490905761719e+00
5.186430454254150391e+00
5.223153591156005859e+00
5.230604648590087891e+00
5.222998142242431641e+00
5.343907356262207031e+00
5.267704010009765625e+00
5.348582744598388672e+00
5.278684616088867188e+00
5.277527332305908203e+00
5.372833251953125000e+00
5.268887519836425781e+00
5.280472278594970703e+00
5.261592864990234375e+00
5.277585506439208984e+00
5.218915462493896484e+00
5.217391967773437500e+00
5.220408439636230469e+00
5.185196399688720703e+00
5.237384796142578125e+00
5.221943855285644531e+00
5.228981971740722656e+00
5.223901748657226562e+00
5.180579185485839844e+00
5.274031162261962891e+00
5.232422351837158203e+00
5.210413932800292969e+00
5.224496841430664062e+00
5.216632366180419922e+00
5.220689773559570312e+00
5.255112648010253906e+00
5.179174423217773438e+00
5.199187278747558594e+00
5.218760967254638672e+00
5.209768772125244141e+00
5.211980342864990234e+00
5.218516826629638672e+00
5.229927539825439453e+00
5.215086460113525391e+00
5.232025146484375000e+00
5.225897312164306641e+00
5.224882602691650391e+00
5.203266143798828125e+00
5.226390361785888672e+00
5.255549430847167969e+00
5.240859508514404297e+00
5.218515396118164062e+00
5.233052253723144531e+00
5.215646743774414062e+00
5.254850387573242188e+00
5.232001304626464844e+00
5.205621242523193359e+00
5.253071784973144531e+00
5.259313106536865234e+00
5.250415802001953125e+00
5.217073440551757812e+00
5.217026233673095703e+00
5.245173454284667969e+00
5.362283706665039062e+00
5.357018470764160156e+00
5.369075298309326172e+00
5.384101390838623047e+00
5.349372863769531250e+00
5.338161945343017578e+00
5.301687240600585938e+00
5.237773418426513672e+00
5.252224445343017578e+00
5.271781444549560547e+00
5.263583183288574219e+00
5.212442874908447266e+00
5.227355003356933594e+00
5.230985641479492188e+00
5.222006797790527344e+00
5.238998413085937500e+00
5.201998710632324219e+00
5.198710441589355469e+00
5.190890312194824219e+00
5.224736213684082031e+00
5.219508171081542969e+00
5.202830791473388672e+00
5.217104911804199219e+00
5.197640895843505859e+00
5.206212520599365234e+00
5.258098125457763672e+00
5.166831970214843750e+00
5.278443813323974609e+00
5.209685325622558594e+00
5.347934722900390625e+00
5.223411560058593750e+00
5.221039772033691406e+00
5.185948371887207031e+00
5.232162475585937500e+00
5.220082283020019531e+00
5.280910015106201172e+00
5.216918468475341797e+00
5.266866683959960938e+00
5.226521015167236328e+00
5.253953456878662109e+00
5.185514450073242188e+00
5.219614505767822266e+00
5.223214149475097656e+00
5.260187149047851562e+00
5.195552349090576172e+00
5.219593524932861328e+00
5.245059490203857422e+00
5.227506637573242188e+00
5.197244167327880859e+00
5.180404663085937500e+00
5.205142974853515625e+00
5.207808494567871094e+00
5.330928802490234375e+00
5.335930347442626953e+00
5.314532279968261719e+00
5.383927345275878906e+00
5.348850727081298828e+00
5.322545051574707031e+00
5.309442043304443359e+00
5.289964199066162109e+00
5.293708801269531250e+00
5.266087055206298828e+00
5.252776622772216797e+00
5.248764038085937500e+00
5.226015090942382812e+00
5.208569526672363281e+00
5.217902183532714844e+00
5.206173419952392578e+00
5.209747314453125000e+00
5.179563522338867188e+00
5.227242469787597656e+00
5.226169586181640625e+00
5.220705986022949219e+00
5.232310771942138672e+00
5.212805747985839844e+00
5.194209575653076172e+00
5.206322669982910156e+00
5.191023826599121094e+00
5.212192535400390625e+00
5.231642723083496094e+00
5.183781623840332031e+00
5.261393070220947266e+00
5.239641189575195312e+00
5.223489284515380859e+00
5.222708225250244141e+00
5.206591606140136719e+00
5.231234073638916016e+00
5.225708961486816406e+00
5.232882499694824219e+00
5.236435413360595703e+00
5.197355747222900391e+00
5.217490196228027344e+00
5.232734203338623047e+00
5.186692714691162109e+00
5.211265087127685547e+00
5.234255313873291016e+00
5.253784656524658203e+00
5.213146209716796875e+00
5.263961315155029297e+00
5.212625026702880859e+00
5.207999706268310547e+00
5.225539207458496094e+00
5.206677436828613281e+00
5.303281307220458984e+00
5.281790733337402344e+00
5.402315139770507812e+00
5.424130439758300781e+00
5.407790184020996094e+00
5.296180248260498047e+00
5.278759956359863281e+00
5.289398670196533203e+00
5.250084400177001953e+00
5.294402599334716797e+00
5.247726440429687500e+00
5.224971294403076172e+00
5.244043827056884766e+00
5.221374034881591797e+00
5.207745552062988281e+00
5.203587055206298828e+00
5.201461791992187500e+00
5.214566707611083984e+00
5.213068008422851562e+00
5.197219848632812500e+00
5.220747470855712891e+00
5.233316421508789062e+00
5.241409778594970703e+00
5.224400997161865234e+00
5.210078239440917969e+00
5.218286514282226562e+00
5.194110870361328125e+00
5.339502811431884766e+00
5.196205139160156250e+00
5.212106227874755859e+00
5.200736522674560547e+00
5.217737674713134766e+00
5.193721294403076172e+00
5.185759067535400391e+00
5.213036060333251953e+00
5.205029487609863281e+00
5.199586868286132812e+00
5.221961975097656250e+00
5.220622539520263672e+00
5.229772090911865234e+00
5.197717666625976562e+00
5.223752498626708984e+00
5.217058658599853516e+00
5.276802062988281250e+00
5.220487594604492188e+00
5.273127555847167969e+00
5.208384037017822266e+00
5.184357643127441406e+00
5.235219955444335938e+00
5.218096256256103516e+00
5.358444213867187500e+00
5.281908988952636719e+00
5.350496768951416016e+00
5.428191184997558594e+00
5.351354598999023438e+00
5.320508480072021484e+00
5.307321071624755859e+00
5.289881706237792969e+00
5.260522842407226562e+00
5.253640174865722656e+00
5.246276855468750000e+00
5.234028339385986328e+00
5.215798377990722656e+00
5.216600894927978516e+00
5.198157310485839844e+00
5.197629451751708984e+00
5.216189861297607422e+00
5.235372543334960938e+00
5.230313301086425781e+00
5.206836223602294922e+00
5.236885547637939453e+00
5.203536033630371094e+00
5.209733009338378906e+00
5.192654132843017578e+00
5.188473701477050781e+00
5.201147079467773438e+00
5.217348098754882812e+00
5.229337692260742188e+00
5.168708324432373047e+00
5.215988636016845703e+00
5.178298950195312500e+00
5.233349800109863281e+00
5.203806400299072266e+00
5.218962192535400391e+00
5.223973274230957031e+00
5.223489284515380859e+00
5.209983825683593750e+00
5.234903335571289062e+00
5.218813419342041016e+00
5.236444473266601562e+00
5.191532135009765625e+00
5.227493286132812500e+00
5.243630409240722656e+00
5.249743461608886719e+00
5.297170639038085938e+00
5.200209617614746094e+00
5.263224124908447266e+00
5.199141979217529297e+00
5.222310543060302734e+00
5.347032546997070312e+00
5.353444576263427734e+00
5.361105918884277344e+00
5.372763633728027344e+00
5.294011116027832031e+00
5.303146839141845703e+00
5.331329345703125000e+00
5.243873119354248047e+00
5.251461982727050781e+00
5.298901557922363281e+00
5.239988327026367188e+00
5.241485595703125000e+00
5.237707614898681641e+00
5.207285404205322266e+00
5.225792884826660156e+00
5.203487396240234375e+00
5.213673114776611328e+00
5.223087310791015625e+00
5.198571681976318359e+00
5.202690124511718750e+00
5.249025821685791016e+00
5.209402084350585938e+00
5.223964691162109375e+00
5.202486991882324219e+00
5.211500167846679688e+00
5.185323238372802734e+00
5.190296173095703125e+00
5.202748298645019531e+00
5.220542907714843750e+00
5.218733310699462891e+00
5.202672481536865234e+00
5.257996559143066406e+00
5.213282108306884766e+00
5.252755165100097656e+00
5.207338333129882812e+00
5.218043327331542969e+00
5.206887245178222656e+00
5.225294589996337891e+00
5.198809623718261719e+00
5.238923072814941406e+00
5.213377475738525391e+00
5.215167999267578125e+00
5.245022296905517578e+00
5.204358577728271484e+00
5.322674274444580078e+00
5.222894191741943359e+00
5.233411312103271484e+00
5.327513694763183594e+00
5.303130626678466797e+00
5.363059043884277344e+00
5.312695026397705078e+00
5.374580860137939453e+00
5.298454761505126953e+00
5.289897918701171875e+00
5.329939365386962891e+00
5.274519443511962891e+00
5.247681140899658203e+00
5.243342876434326172e+00
5.234988212585449219e+00
5.232812404632568359e+00
5.215853214263916016e+00
5.219691753387451172e+00
5.186059951782226562e+00
5.210875511169433594e+00
5.218610763549804688e+00
5.218913078308105469e+00
5.194545745849609375e+00
5.192377090454101562e+00
5.230237483978271484e+00
5.235456466674804688e+00
5.192504882812500000e+00
5.212454795837402344e+00
5.203275203704833984e+00
5.205462932586669922e+00
5.205288887023925781e+00
5.213778495788574219e+00
5.191712856292724609e+00
5.215365409851074219e+00
5.192276000976562500e+00
5.232896327972412109e+00
5.205564975738525391e+00
5.241872787475585938e+00
5.216257095336914062e+00
5.222477912902832031e+00
5.234385490417480469e+00
5.239084243774414062e+00
5.219071388244628906e+00
5.214932918548583984e+00
5.250623226165771484e+00
5.196660041809082031e+00
5.260474205017089844e+00
5.202110767364501953e+00
5.196217536926269531e+00
5.314259529113769531e+00
5.432478904724121094e+00
5.348456382751464844e+00
5.368730068206787109e+00
5.307276248931884766e+00
5.291606903076171875e+00
5.343448638916015625e+00
5.310036182403564453e+00
5.281435489654541016e+00
5.268173217773437500e+00
5.257369995117187500e+00
5.223668098449707031e+00
5.247864723205566406e+00
5.236376762390136719e+00
5.213042736053466797e+00
5.246200084686279297e+00
5.217997074127197266e+00
5.232476711273193359e+00
5.213804721832275391e+00
5.214454650878906250e+00
5.210162639617919922e+00
5.235258102416992188e+00
5.207825183868408203e+00
5.182172775268554688e+00
5.222959518432617188e+00
5.191054821014404297e+00
5.213003158569335938e+00
5.215290546417236328e+00
5.192952632904052734e+00
5.212019443511962891e+00
5.179625511169433594e+00
5.215912342071533203e+00
5.198626041412353516e+00
5.242384910583496094e+00
5.203088283538818359e+00
5.225139617919921875e+00
5.217751502990722656e+00
5.232873439788818359e+00
5.213122367858886719e+00
5.190137863159179688e+00
5.222493648529052734e+00
5.256737709045410156e+00
5.221911430358886719e+00
5.285602569580078125e+00
5.199645519256591797e+00
5.211426258087158203e+00
5.335306644439697266e+00
5.345052242279052734e+00
5.341001987457275391e+00
5.335748672485351562e+00
5.307843208312988281e+00
5.324662208557128906e+00
5.270680904388427734e+00
5.286192893981933594e+00
5.256637573242187500e+00
5.263441085815429688e+00
5.287348270416259766e+00
5.248787879943847656e+00
5.243936538696289062e+00
5.234538078308105469e+00
5.225632667541503906e+00
5.243801116943359375e+00
5.214172840118408203e+00
5.210024833679199219e+00
5.201749801635742188e+00
5.190082073211669922e+00
5.226284027099609375e+00
5.225339889526367188e+00
5.226497650146484375e+00
5.193408966064453125e+00
5.243157386779785156e+00
5.215384483337402344e+00
5.166379928588867188e+00
5.230023384094238281e+00
5.198029518127441406e+00
5.178100585937500000e+00
5.194151878356933594e+00
5.254050731658935547e+00
5.235326290130615234e+00
5.211359977722167969e+00
5.220404624938964844e+00
5.207205295562744141e+00
5.198087215423583984e+00
5.209239482879638672e+00
5.232954978942871094e+00
5.250884532928466797e+00
5.270717620849609375e+00
5.224388122558593750e+00
5.265862941741943359e+00
5.258627414703369141e+00
5.310225486755371094e+00
5.340920448303222656e+00
5.317750930786132812e+00
5.297206401824951172e+00
5.249219894409179688e+00
5.309660434722900391e+00
5.257503509521484375e+00
5.254927158355712891e+00
5.290451526641845703e+00
5.276946544647216797e+00
5.312530994415283203e+00
5.238984107971191406e+00
5.250162601470947266e+00
5.228797435760498047e+00
5.248653888702392578e+00
5.209493637084960938e+00
5.218113422393798828e+00
5.215894699096679688e+00
5.192280292510986328e+00
5.216572761535644531e+00
5.178475856781005859e+00
5.273372173309326172e+00
5.206673622131347656e+00
5.191031455993652344e+00
5.199426174163818359e+00
5.215545654296875000e+00
5.189613342285156250e+00
5.185592174530029297e+00
5.236494541168212891e+00
5.195945262908935547e+00
5.185755252838134766e+00
5.276905059814453125e+00
5.207111835479736328e+00
5.216396808624267578e+00
5.213090896606445312e+00
5.254554271697998047e+00
5.213216304779052734e+00
5.224683284759521484e+00
5.216766357421875000e+00
5.241082191467285156e+00
5.221138954162597656e+00
5.264775276184082031e+00
5.308949470520019531e+00
5.265803337097167969e+00
5.297500610351562500e+00
5.388446331024169922e+00
5.309108734130859375e+00
5.279592037200927734e+00
5.329936504364013672e+00
5.282307147979736328e+00
5.267432212829589844e+00
5.268237590789794922e+00
5.240682601928710938e+00
5.233220577239990234e+00
5.214337825775146484e+00
5.218920230865478516e+00
5.195971012115478516e+00
5.218405246734619141e+00
5.227108478546142578e+00
5.215481758117675781e+00
5.218371868133544922e+00
5.209732532501220703e+00
5.215679168701171875e+00
5.201376914978027344e+00
5.204838275909423828e+00
5.209968090057373047e+00
5.206923007965087891e+00
5.205524921417236328e+00
5.194145679473876953e+00
5.298818588256835938e+00
5.209879398345947266e+00
5.159049034118652344e+00
5.234113216400146484e+00
5.189470767974853516e+00
5.223322868347167969e+00
5.205923080444335938e+00
5.239586830139160156e+00
5.212691307067871094e+00
5.184891700744628906e+00
5.238826751708984375e+00
5.235362529754638672e+00
5.217761993408203125e+00
5.306478023529052734e+00
5.250869750976562500e+00
5.313294887542724609e+00
5.280683517456054688e+00
5.329472064971923828e+00
5.341825008392333984e+00
5.326045036315917969e+00
5.288368225097656250e+00
5.275502681732177734e+00
5.238937854766845703e+00
5.274121761322021484e+00
5.221303939819335938e+00
5.233076572418212891e+00
5.210885047912597656e+00
5.210058689117431641e+00
5.185115337371826172e+00
5.196579456329345703e+00
5.246165275573730469e+00
5.199234008789062500e+00
5.196347236633300781e+00
5.222664356231689453e+00
5.190914154052734375e+00
5.213633537292480469e+00
5.205476760864257812e+00
5.180431842803955078e+00
5.195070266723632812e+00
5.190825939178466797e+00
5.292716979980468750e+00
5.196135044097900391e+00
5.179625988006591797e+00
5.184268951416015625e+00
5.204030036926269531e+00
5.212967872619628906e+00
5.184605598449707031e+00
5.215421199798583984e+00
5.240206718444824219e+00
5.224154472351074219e+00
5.228073596954345703e+00
5.284688472747802734e+00
5.290337562561035156e+00
5.321766376495361328e+00
5.281283855438232422e+00
5.331319332122802734e+00
5.423106193542480469e+00
5.299911499023437500e+00
5.343633651733398438e+00
5.242802619934082031e+00
5.237764358520507812e+00
5.271548748016357422e+00
5.259215831756591797e+00
5.245685100555419922e+00
5.224503517150878906e+00
5.207199096679687500e+00
5.214224815368652344e+00
5.214981079101562500e+00
5.191917896270751953e+00
5.213649272918701172e+00
5.197516441345214844e+00
5.219210624694824219e+00
5.207860946655273438e+00
5.193906307220458984e+00
5.226677894592285156e+00
5.211214065551757812e+00
5.222955703735351562e+00
5.218843460083007812e+00
5.246976375579833984e+00
5.208384513854980469e+00
5.189272403717041016e+00
5.220516204833984375e+00
5.229805469512939453e+00
5.209156990051269531e+00
5.220905780792236328e+00
5.200706005096435547e+00
5.250735759735107422e+00
5.211908340454101562e+00
5.282701492309570312e+00
5.273637294769287109e+00
5.310379028320312500e+00
5.260157108306884766e+00
5.300103187561035156e+00
5.301045417785644531e+00
5.276075839996337891e+00
5.315160274505615234e+00
5.252151012420654297e+00
5.258929729461669922e+00
5.257955074310302734e+00
5.267996311187744141e+00
5.244907855987548828e+00
5.248144626617431641e+00
5.241855621337890625e+00
5.208539962768554688e+00
5.205671310424804688e+00
5.218698978424072266e+00
5.229329586029052734e+00
5.202771663665771484e+00
5.209062099456787109e+00
5.232377529144287109e+00
5.223724365234375000e+00
5.193672180175781250e+00
5.225278377532958984e+00
5.223847389221191406e+00
5.214086532592773438e+00
5.190300464630126953e+00
5.227437019348144531e+00
5.216279983520507812e+00
5.212803840637207031e+00
5.164783954620361328e+00
5.231986045837402344e+00
5.166192531585693359e+00
5.202705383300781250e+00
5.355298519134521484e+00
5.301921844482421875e+00
5.321759223937988281e+00
5.301494121551513672e+00
5.326733112335205078e+00
5.266449928283691406e+00
5.328720569610595703e+00
5.255777359008789062e+00
5.245749473571777344e+00
5.243865013122558594e+00
5.251549243927001953e+00
5.229751586914062500e+00
5.208881378173828125e+00
5.203117370605468750e+00
5.244199752807617188e+00
5.208841800689697266e+00
5.225082397460937500e+00
5.233584403991699219e+00
5.213529109954833984e+00
5.227725505828857422e+00
5.217545032501220703e+00
5.213721752166748047e+00
5.207709789276123047e+00
5.210824489593505859e+00
5.194921493530273438e+00
5.208756923675537109e+00
5.212646961212158203e+00
5.241353511810302734e+00
5.217750072479248047e+00
5.197466373443603516e+00
5.234010219573974609e+00
5.218610763549804688e+00
5.198622703552246094e+00
5.303005695343017578e+00
5.236664772033691406e+00
5.299986362457275391e+00
5.311364173889160156e+00
5.270275592803955078e+00
5.272860050201416016e+00
5.371550083160400391e+00
5.263489723205566406e+00
5.232302188873291016e+00
5.238083362579345703e+00
5.264990329742431641e+00
5.206800937652587891e+00
5.246901988983154297e+00
5.213592052459716797e+00
5.226617336273193359e+00
5.216412544250488281e+00
5.212775707244873047e+00
5.225991249084472656e+00
5.240008831024169922e+00
5.230529785156250000e+00
5.204099655151367188e+00
5.210894584655761719e+00
5.198466777801513672e+00
5.196471214294433594e+00
5.200618267059326172e+00
5.183912277221679688e+00
5.213678359985351562e+00
5.200972557067871094e+00
5.248232364654541016e+00
5.208255290985107422e+00
5.216485500335693359e+00
5.300140857696533203e+00
5.307749271392822266e+00
5.291865825653076172e+00
5.343101501464843750e+00
5.276469230651855469e+00
5.284623622894287109e+00
5.258088588714599609e+00
5.233768463134765625e+00
5.245159149169921875e+00
5.238281726837158203e+00
5.232353210449218750e+00
5.223352432250976562e+00
5.224594116210937500e+00
5.214879512786865234e+00
5.209712028503417969e+00
5.227540016174316406e+00
5.218402385711669922e+00
5.205021858215332031e+00
5.217987060546875000e+00
5.241557598114013672e+00
5.191503047943115234e+00
5.235375881195068359e+00
5.181057453155517578e+00
5.201879978179931641e+00
5.203302860260009766e+00
5.193391323089599609e+00
5.197243690490722656e+00
5.211493015289306641e+00
5.220561504364013672e+00
5.206857204437255859e+00
5.245487689971923828e+00
5.309206485748291016e+00
5.290867328643798828e+00
5.292180538177490234e+00
5.299209117889404297e+00
5.301970958709716797e+00
5.270040512084960938e+00
5.283725738525390625e+00
5.263039588928222656e+00
5.235740661621093750e+00
5.237443447113037109e+00
5.203140735626220703e+00
5.195221424102783203e+00
5.220440864562988281e+00
5.199808120727539062e+00
5.228545188903808594e+00
5.213178157806396484e+00
5.223575115203857422e+00
5.200379848480224609e+00
5.193590641021728516e+00
5.219136238098144531e+00
5.224185943603515625e+00
5.203592300415039062e+00
5.235405921936035156e+00
5.188168048858642578e+00
5.213671207427978516e+00
5.200901508331298828e+00
5.280895709991455078e+00
5.272274971008300781e+00
5.283921241760253906e+00
5.281494140625000000e+00
5.290647983551025391e+00
5.307174205780029297e+00
5.274779319763183594e+00
5.292892456054687500e+00
5.253160953521728516e+00
5.274793148040771484e+00
5.264247417449951172e+00
5.172998905181884766e+00
5.193974018096923828e+00
5.251414299011230469e+00
5.208546161651611328e+00
5.190744876861572266e+00
5.192536354064941406e+00
5.213693618774414062e+00
5.248776435852050781e+00
5.225673198699951172e+00
5.206589221954345703e+00
5.245736122131347656e+00
5.201053142547607422e+00
5.196624755859375000e+00
5.196164131164550781e+00
5.204209327697753906e+00
5.320822715759277344e+00
5.271779537200927734e+00
5.275926589965820312e+00
5.286701202392578125e+00
5.319466114044189453e+00
5.271125793457031250e+00
5.304487228393554688e+00
5.255401611328125000e+00
5.244680404663085938e+00
5.221240043640136719e+00
5.234300613403320312e+00
5.226808547973632812e+00
5.211485862731933594e+00
5.237066745758056641e+00
5.226902484893798828e+00
5.212750434875488281e+00
5.199390411376953125e+00
5.216409683227539062e+00
5.224783420562744141e+00
5.203658580780029297e+00
5.212327003479003906e+00
5.211568832397460938e+00
5.201992034912109375e+00
5.216060161590576172e+00
5.271701812744140625e+00
5.239556789398193359e+00
5.258875846862792969e+00
5.358102798461914062e+00
5.375555038452148438e+00
5.279637813568115234e+00
5.266944885253906250e+00
5.264714717864990234e+00
5.219199657440185547e+00
5.251091957092285156e+00
5.223291873931884766e+00
5.213916301727294922e+00
5.237600803375244141e+00
5.245897293090820312e+00
5.201666355133056641e+00
5.206314086914062500e+00
5.198236942291259766e+00
5.252582073211669922e+00
5.213083267211914062e+00
5.271232604980468750e+00
5.254926681518554688e+00
5.312735080718994141e+00
5.339843750000000000e+00
5.270277976989746094e+00
5.276511192321777344e+00
5.244631290435791016e+00
5.270447254180908203e+00
5.268597602844238281e+00
5.196435928344726562e+00
5.272119998931884766e+00
5.277140140533447266e+00
5.257435321807861328e+00
5.274391651153564453e+00
5.286592006683349609e+00
5.314513683319091797e+00
5.282086849212646484e+00
5.308960437774658203e+00
5.264988899230957031e+00
5.260495185852050781e+00
5.221844673156738281e+00
5.243307113647460938e+00
5.414228916168212891e+00
5.268341064453125000e+00
