5.262856006622314453e+00
5.303662300109863281e+00
5.369313240051269531e+00
5.320635795593261719e+00
5.344912528991699219e+00
5.341055393218994141e+00
5.323451995849609375e+00
5.304749011993408203e+00
5.250955104827880859e+00
5.309228897094726562e+00
5.305319309234619141e+00
5.280308723449707031e+00
5.271618366241455078e+00
5.325660705566406250e+00
5.320183753967285156e+00
5.254149436950683594e+00
5.303637981414794922e+00
5.362219810485839844e+00
5.262598991394042969e+00
5.296216011047363281e+00
5.260235309600830078e+00
5.284829616546630859e+00
5.310657024383544922e+00
5.300641059875488281e+00
5.290141105651855469e+00
5.301674842834472656e+00
5.302269935607910156e+00
5.261792659759521484e+00
5.276021480560302734e+00
5.334416389465332031e+00
5.338935375213623047e+00
5.290285110473632812e+00
5.283203601837158203e+00
5.301463127136230469e+00
5.320499420166015625e+00
5.347471237182617188e+00
5.311789512634277344e+00
5.293185234069824219e+00
5.289934158325195312e+00
5.285239696502685547e+00
5.279337406158447266e+00
5.259399890899658203e+00
5.342889785766601562e+00
5.260572433471679688e+00
5.306756019592285156e+00
5.243761539459228516e+00
5.301399707794189453e+00
5.280526161193847656e+00
5.291068077087402344e+00
5.335722446441650391e+00
5.312971115112304688e+00
5.264286994934082031e+00
5.286866664886474609e+00
5.308293819427490234e+00
5.256689548492431641e+00
5.276030540466308594e+00
5.287304401397705078e+00
5.319010257720947266e+00
5.292369365692138672e+00
5.293594360351562500e+00
5.277838706970214844e+00
5.272978782653808594e+00
5.312578678131103516e+00
5.288013458251953125e+00
5.302459716796875000e+00
5.354369163513183594e+00
5.310556411743164062e+00
5.320613861083984375e+00
5.297378540039062500e+00
5.325249671936035156e+00
5.286006450653076172e+00
5.302832603454589844e+00
5.275100231170654297e+00
5.308436870574951172e+00
5.302186489105224609e+00
5.269385814666748047e+00
5.289529323577880859e+00
5.301558971405029297e+00
5.285785198211669922e+00
5.300782203674316406e+00
5.278884887695312500e+00
5.264664173126220703e+00
5.287649154663085938e+00
5.337990283966064453e+00
5.307546138763427734e+00
5.290582656860351562e+00
5.265136241912841797e+00
5.274934291839599609e+00
5.316027164459228516e+00
5.274662971496582031e+00
5.289261817932128906e+00
5.294109821319580078e+00
5.283995628356933594e+00
5.281738281250000000e+00
5.278729438781738281e+00
5.314102172851562500e+00
5.289463996887207031e+00
5.298727035522460938e+00
5.278748989105224609e+00
5.318651199340820312e+00
5.288932800292968750e+00
5.314167976379394531e+00
5.305975437164306641e+00
5.294805049896240234e+00
5.291560649871826172e+00
5.262024879455566406e+00
5.347733020782470703e+00
5.348262310028076172e+00
5.290209293365478516e+00
5.287099838256835938e+00
5.261512756347656250e+00
5.329621791839599609e+00
5.327645778656005859e+00
5.330229759216308594e+00
5.332608222961425781e+00
5.261954784393310547e+00
5.319562435150146484e+00
5.286717414855957031e+00
5.287703990936279297e+00
5.291857719421386719e+00
5.328301906585693359e+00
5.322208404541015625e+00
5.316775321960449219e+00
5.355820178985595703e+00
5.302573680877685547e+00
5.304710865020751953e+00
5.284165382385253906e+00
5.348191738128662109e+00
5.337935924530029297e+00
5.299455642700195312e+00
5.287274360656738281e+00
5.280852317810058594e+00
5.313244819641113281e+00
5.298053741455078125e+00
5.280087947845458984e+00
5.287740230560302734e+00
5.333561897277832031e+00
5.281565189361572266e+00
5.268563270568847656e+00
5.266990661621093750e+00
5.269753932952880859e+00
5.363191604614257812e+00
5.280874729156494141e+00
5.252151489257812500e+00
5.298656463623046875e+00
5.290994644165039062e+00
5.267506122589111328e+00
5.288712024688720703e+00
5.291165828704833984e+00
5.267905712127685547e+00
5.301738262176513672e+00
5.263127326965332031e+00
5.238391876220703125e+00
5.280031681060791016e+00
5.327685356140136719e+00
5.289761543273925781e+00
5.296057701110839844e+00
5.286004543304443359e+00
5.282127857208251953e+00
5.279981136322021484e+00
5.288021564483642578e+00
5.275536537170410156e+00
5.278113842010498047e+00
5.316251754760742188e+00
5.283622264862060547e+00
5.297675132751464844e+00
5.309503078460693359e+00
5.294527530670166016e+00
5.265813350677490234e+00
5.312529087066650391e+00
5.293328285217285156e+00
5.269233703613281250e+00
5.385302066802978516e+00
5.272748947143554688e+00
5.239545345306396484e+00
5.277072429656982422e+00
5.265420913696289062e+00
5.302361965179443359e+00
5.331779956817626953e+00
5.319257259368896484e+00
5.304618835449218750e+00
5.314829349517822266e+00
5.317711830139160156e+00
5.270328998565673828e+00
5.302391529083251953e+00
5.325729846954345703e+00
5.327448368072509766e+00
5.279974460601806641e+00
5.257865428924560547e+00
5.292325496673583984e+00
5.285957336425781250e+00
5.309451103210449219e+00
5.296697139739990234e+00
5.322562694549560547e+00
5.301458358764648438e+00
5.289030075073242188e+00
5.312055110931396484e+00
5.291416168212890625e+00
5.288961410522460938e+00
5.312963008880615234e+00
5.253976345062255859e+00
5.309600830078125000e+00
5.331037521362304688e+00
5.277788162231445312e+00
5.324902534484863281e+00
5.354353427886962891e+00
5.355986595153808594e+00
5.266884326934814453e+00
5.248345375061035156e+00
5.307607173919677734e+00
5.271634101867675781e+00
5.323225498199462891e+00
5.390060901641845703e+00
5.308965206146240234e+00
5.265347957611083984e+00
5.339043617248535156e+00
5.280927181243896484e+00
5.306951522827148438e+00
5.296542167663574219e+00
5.344040870666503906e+00
5.301446437835693359e+00
5.284879684448242188e+00
5.277668952941894531e+00
5.281515121459960938e+00
5.287546634674072266e+00
5.291586875915527344e+00
5.293791294097900391e+00
5.290808677673339844e+00
5.260078907012939453e+00
5.300674438476562500e+00
5.302638530731201172e+00
5.289288043975830078e+00
5.343662738800048828e+00
5.304281234741210938e+00
5.316276073455810547e+00
5.328881740570068359e+00
5.252355098724365234e+00
5.288005352020263672e+00
5.297766685485839844e+00
5.255529880523681641e+00
5.308216094970703125e+00
5.265933036804199219e+00
5.313073635101318359e+00
5.292645931243896484e+00
5.269762516021728516e+00
5.317528724670410156e+00
5.329422950744628906e+00
5.255328655242919922e+00
5.274380207061767578e+00
5.309952735900878906e+00
5.324731349945068359e+00
5.312966823577880859e+00
5.290438175201416016e+00
5.296296119689941406e+00
5.319741249084472656e+00
5.305344104766845703e+00
5.295221805572509766e+00
5.289094924926757812e+00
5.289957523345947266e+00
5.263952255249023438e+00
5.346233367919921875e+00
5.298611640930175781e+00
5.293889522552490234e+00
5.329653263092041016e+00
5.319376468658447266e+00
5.320580005645751953e+00
5.279189109802246094e+00
5.281448364257812500e+00
5.294840812683105469e+00
5.401606082916259766e+00
5.325938224792480469e+00
5.294230461120605469e+00
5.298915386199951172e+00
5.318872451782226562e+00
5.331972122192382812e+00
5.311613082885742188e+00
5.325632095336914062e+00
5.326275825500488281e+00
5.283303737640380859e+00
5.321657180786132812e+00
5.338079929351806641e+00
5.336486816406250000e+00
5.354527473449707031e+00
5.270979881286621094e+00
5.319484710693359375e+00
5.321879386901855469e+00
5.291717529296875000e+00
5.292382240295410156e+00
5.297200202941894531e+00
5.295390605926513672e+00
5.288760185241699219e+00
5.293244838714599609e+00
5.285013675689697266e+00
5.344391345977783203e+00
5.290537357330322266e+00
5.292948722839355469e+00
5.316899776458740234e+00
5.300224304199218750e+00
5.296570301055908203e+00
5.328066825866699219e+00
5.325911521911621094e+00
5.267803192138671875e+00
5.283807754516601562e+00
5.266178607940673828e+00
5.296828269958496094e+00
5.313817024230957031e+00
5.332588672637939453e+00
5.341221332550048828e+00
5.293998241424560547e+00
5.313025474548339844e+00
5.268004894256591797e+00
5.283920288085937500e+00
5.301418781280517578e+00
5.283370971679687500e+00
5.305359363555908203e+00
5.318103790283203125e+00
5.287003517150878906e+00
5.295246601104736328e+00
5.311943054199218750e+00
5.280241489410400391e+00
5.292900562286376953e+00
5.309175491333007812e+00
5.291398048400878906e+00
5.279340267181396484e+00
5.311998367309570312e+00
5.281952857971191406e+00
5.304679870605468750e+00
5.284918785095214844e+00
5.280773639678955078e+00
5.302389144897460938e+00
5.301359176635742188e+00
5.250473022460937500e+00
5.323591709136962891e+00
5.299318313598632812e+00
5.298780918121337891e+00
5.316540241241455078e+00
5.309926986694335938e+00
5.307597160339355469e+00
5.300827980041503906e+00
5.297865867614746094e+00
5.270372390747070312e+00
5.295247077941894531e+00
5.289730072021484375e+00
5.323122024536132812e+00
5.282648563385009766e+00
5.281483173370361328e+00
5.325815200805664062e+00
5.321309089660644531e+00
5.283106327056884766e+00
5.316522598266601562e+00
5.290589332580566406e+00
5.304059982299804688e+00
5.298678398132324219e+00
5.313278675079345703e+00
5.314232349395751953e+00
5.310080528259277344e+00
5.303558826446533203e+00
5.297523021697998047e+00
5.341679096221923828e+00
5.315919876098632812e+00
5.286092758178710938e+00
5.309016704559326172e+00
5.363070487976074219e+00
5.294650554656982422e+00
5.292068958282470703e+00
5.325511455535888672e+00
5.294453620910644531e+00
5.263062477111816406e+00
5.292727470397949219e+00
5.288365364074707031e+00
5.279077053070068359e+00
5.289022445678710938e+00
5.284562587738037109e+00
5.337237834930419922e+00
5.289366245269775391e+00
5.326385974884033203e+00
5.347146511077880859e+00
5.297609806060791016e+00
5.277973175048828125e+00
5.286341667175292969e+00
5.290309429168701172e+00
5.272698402404785156e+00
5.308769226074218750e+00
5.318367004394531250e+00
5.324803829193115234e+00
5.317537784576416016e+00
5.316447257995605469e+00
5.304513931274414062e+00
5.283210754394531250e+00
5.288270473480224609e+00
5.282337665557861328e+00
5.311251640319824219e+00
5.309248924255371094e+00
5.325945377349853516e+00
5.288770198822021484e+00
5.283305168151855469e+00
5.363472938537597656e+00
5.284837722778320312e+00
5.263111591339111328e+00
5.303365230560302734e+00
5.294713973999023438e+00
5.307731151580810547e+00
5.311158180236816406e+00
5.268234252929687500e+00
5.307012557983398438e+00
5.278358936309814453e+00
5.297395229339599609e+00
5.283546447753906250e+00
5.257349491119384766e+00
5.255129814147949219e+00
5.263769149780273438e+00
5.309077262878417969e+00
5.321380615234375000e+00
5.268094062805175781e+00
5.277251720428466797e+00
5.268485069274902344e+00
5.288050174713134766e+00
5.301462173461914062e+00
5.299979209899902344e+00
5.323826789855957031e+00
5.301741123199462891e+00
5.284783363342285156e+00
5.328448772430419922e+00
5.331903934478759766e+00
5.326747894287109375e+00
5.314649105072021484e+00
5.289743900299072266e+00
5.281691551208496094e+00
5.274569988250732422e+00
5.297212600708007812e+00
5.259259223937988281e+00
5.314963817596435547e+00
5.250270366668701172e+00
5.300637245178222656e+00
5.300544261932373047e+00
5.278279781341552734e+00
5.306637763977050781e+00
5.311762332916259766e+00
5.277384757995605469e+00
5.329559803009033203e+00
5.296338558197021484e+00
5.266283512115478516e+00
5.247022151947021484e+00
5.281661987304687500e+00
5.309768676757812500e+00
5.325577735900878906e+00
5.280026435852050781e+00
5.304522037506103516e+00
5.271532058715820312e+00
5.339711189270019531e+00
5.316108226776123047e+00
5.317009449005126953e+00
5.293486595153808594e+00
5.301212310791015625e+00
5.324389934539794922e+00
5.306562423706054688e+00
5.340343475341796875e+00
5.296137332916259766e+00
5.286334514617919922e+00
5.282360076904296875e+00
5.333145618438720703e+00
5.292193412780761719e+00
5.308075904846191406e+00
5.329277515411376953e+00
5.339494705200195312e+00
5.310835838317871094e+00
5.287338733673095703e+00
5.327890396118164062e+00
5.249806404113769531e+00
5.356448173522949219e+00
5.311858177185058594e+00
5.303422451019287109e+00
5.284403800964355469e+00
5.270624637603759766e+00
5.339771270751953125e+00
5.322133064270019531e+00
5.322831630706787109e+00
5.323829650878906250e+00
5.359714031219482422e+00
5.311215877532958984e+00
5.252135753631591797e+00
5.275519847869873047e+00
5.246240139007568359e+00
5.286911487579345703e+00
5.324253559112548828e+00
5.302457332611083984e+00
5.297250270843505859e+00
5.299907684326171875e+00
5.302358150482177734e+00
5.309088230133056641e+00
5.316736221313476562e+00
5.294226169586181641e+00
5.286010742187500000e+00
5.273141384124755859e+00
5.300900459289550781e+00
5.315186023712158203e+00
5.300296306610107422e+00
5.274634838104248047e+00
5.315902709960937500e+00
5.358458042144775391e+00
5.304513454437255859e+00
5.307620525360107422e+00
5.231383323669433594e+00
5.285729408264160156e+00
5.297586441040039062e+00
5.292918205261230469e+00
5.373338699340820312e+00
5.296754360198974609e+00
5.265173435211181641e+00
5.316801548004150391e+00
5.312612056732177734e+00
5.334877014160156250e+00
5.310142993927001953e+00
5.301421165466308594e+00
5.263403892517089844e+00
5.260679721832275391e+00
5.314081668853759766e+00
5.304458618164062500e+00
5.321653842926025391e+00
5.335545539855957031e+00
5.311910152435302734e+00
5.331017017364501953e+00
5.322319507598876953e+00
5.296405315399169922e+00
5.287279129028320312e+00
5.332313060760498047e+00
5.295398235321044922e+00
5.284789085388183594e+00
5.290415287017822266e+00
5.311298847198486328e+00
5.329338550567626953e+00
5.310011863708496094e+00
5.292029857635498047e+00
5.296096801757812500e+00
5.317699432373046875e+00
5.328714370727539062e+00
5.296318054199218750e+00
5.387858390808105469e+00
5.266543388366699219e+00
5.261097908020019531e+00
5.364439964294433594e+00
5.292642593383789062e+00
5.293705940246582031e+00
5.315034389495849609e+00
5.285879611968994141e+00
5.282250404357910156e+00
5.335018634796142578e+00
5.313941478729248047e+00
5.271585464477539062e+00
5.295624256134033203e+00
5.315404415130615234e+00
5.297284126281738281e+00
5.302065372467041016e+00
5.302425861358642578e+00
5.351022243499755859e+00
5.258635044097900391e+00
5.275831699371337891e+00
5.327798366546630859e+00
5.277827262878417969e+00
5.295928001403808594e+00
5.272564411163330078e+00
5.327792167663574219e+00
5.309440135955810547e+00
5.263799190521240234e+00
5.287176609039306641e+00
5.288199424743652344e+00
5.311290264129638672e+00
5.297400474548339844e+00
5.294273376464843750e+00
5.307494640350341797e+00
5.311215877532958984e+00
5.293304443359375000e+00
5.290017127990722656e+00
5.301347255706787109e+00
5.281934261322021484e+00
5.268728733062744141e+00
5.318977355957031250e+00
5.269814491271972656e+00
5.250387668609619141e+00
5.268061637878417969e+00
5.326295375823974609e+00
5.378684043884277344e+00
5.284841537475585938e+00
5.274753570556640625e+00
5.313624858856201172e+00
5.296419143676757812e+00
5.330127716064453125e+00
5.326596260070800781e+00
5.267737388610839844e+00
5.311449050903320312e+00
5.307097434997558594e+00
5.304969787597656250e+00
5.283026695251464844e+00
5.319090366363525391e+00
5.254576683044433594e+00
5.310521125793457031e+00
5.322170257568359375e+00
5.319712638854980469e+00
5.288882255554199219e+00
5.267504692077636719e+00
5.288927078247070312e+00
5.291799068450927734e+00
5.310481071472167969e+00
5.302538871765136719e+00
5.316291809082031250e+00
5.283539772033691406e+00
5.281420230865478516e+00
5.321603775024414062e+00
5.328345298767089844e+00
5.283769130706787109e+00
5.335641384124755859e+00
5.277940750122070312e+00
5.314925193786621094e+00
5.246771335601806641e+00
5.245492458343505859e+00
5.309408187866210938e+00
5.291932582855224609e+00
5.291427612304687500e+00
5.345542430877685547e+00
5.281622409820556641e+00
5.268723487854003906e+00
5.348791122436523438e+00
5.343826770782470703e+00
5.285722732543945312e+00
5.291810035705566406e+00
5.306818008422851562e+00
5.262670993804931641e+00
5.367463588714599609e+00
5.313126087188720703e+00
5.296631336212158203e+00
5.304610729217529297e+00
5.327221393585205078e+00
5.258421897888183594e+00
5.308407306671142578e+00
5.320084571838378906e+00
5.266283035278320312e+00
5.293623924255371094e+00
5.350886344909667969e+00
5.306328296661376953e+00
5.293806076049804688e+00
5.308804035186767578e+00
5.305852890014648438e+00
5.322772979736328125e+00
5.316018581390380859e+00
5.329279899597167969e+00
5.310713768005371094e+00
5.302693843841552734e+00
5.331815719604492188e+00
5.286498546600341797e+00
5.314756870269775391e+00
5.317161083221435547e+00
5.223287105560302734e+00
5.309772968292236328e+00
5.285444259643554688e+00
5.298938751220703125e+00
5.284754276275634766e+00
5.301521301269531250e+00
5.308187007904052734e+00
5.299122810363769531e+00
5.320982456207275391e+00
5.270850658416748047e+00
5.342446327209472656e+00
5.326516151428222656e+00
5.300402164459228516e+00
5.293752193450927734e+00
5.273563861846923828e+00
5.301383018493652344e+00
5.310489654541015625e+00
5.313605785369873047e+00
5.295959472656250000e+00
5.280353546142578125e+00
5.329128265380859375e+00
5.299348831176757812e+00
5.311165332794189453e+00
5.298813819885253906e+00
5.316904544830322266e+00
5.295475482940673828e+00
5.305028915405273438e+00
5.303934097290039062e+00
5.305641174316406250e+00
5.308419227600097656e+00
5.304372787475585938e+00
5.312464714050292969e+00
5.298398971557617188e+00
5.295814990997314453e+00
5.320714950561523438e+00
5.287221908569335938e+00
5.295004367828369141e+00
5.314553260803222656e+00
5.296140670776367188e+00
5.260699748992919922e+00
5.287328243255615234e+00
5.286507129669189453e+00
5.346214294433593750e+00
5.308896064758300781e+00
5.297763824462890625e+00
5.307835102081298828e+00
5.281399726867675781e+00
5.310889244079589844e+00
5.316410064697265625e+00
5.297254562377929688e+00
5.325892925262451172e+00
5.297433376312255859e+00
5.287421703338623047e+00
5.313888549804687500e+00
5.298204421997070312e+00
5.293656349182128906e+00
5.276253223419189453e+00
5.278890132904052734e+00
5.316256046295166016e+00
5.326177120208740234e+00
5.266040802001953125e+00
5.347753047943115234e+00
5.289035320281982422e+00
5.327018260955810547e+00
5.323445796966552734e+00
5.303575038909912109e+00
5.303264617919921875e+00
5.304920673370361328e+00
5.313082218170166016e+00
5.287392616271972656e+00
5.314994812011718750e+00
5.302258491516113281e+00
5.284027099609375000e+00
5.291847705841064453e+00
5.312197685241699219e+00
5.283071517944335938e+00
5.279540538787841797e+00
5.256308555603027344e+00
5.324069976806640625e+00
5.287294387817382812e+00
5.347933292388916016e+00
5.275543689727783203e+00
5.291574001312255859e+00
5.302847862243652344e+00
5.278714656829833984e+00
5.318084239959716797e+00
5.281680583953857422e+00
5.273404598236083984e+00
5.296617984771728516e+00
5.309963703155517578e+00
5.312609195709228516e+00
5.339054107666015625e+00
5.283390045166015625e+00
5.318865776062011719e+00
5.315770149230957031e+00
5.287719249725341797e+00
5.343819618225097656e+00
5.297131538391113281e+00
5.305234432220458984e+00
5.294064521789550781e+00
5.276455402374267578e+00
5.296279907226562500e+00
5.330044746398925781e+00
5.297410011291503906e+00
5.325078964233398438e+00
5.292513847351074219e+00
5.302816867828369141e+00
5.317767620086669922e+00
5.297090053558349609e+00
5.307647228240966797e+00
5.315193653106689453e+00
5.306975841522216797e+00
5.334679603576660156e+00
5.270493984222412109e+00
5.272075653076171875e+00
5.300003528594970703e+00
5.274452209472656250e+00
5.313838481903076172e+00
5.277777194976806641e+00
5.283727169036865234e+00
5.330820083618164062e+00
5.270592689514160156e+00
5.324340820312500000e+00
5.314769744873046875e+00
5.287446975708007812e+00
5.345136642456054688e+00
5.291702270507812500e+00
5.373118400573730469e+00
5.282866954803466797e+00
5.277172088623046875e+00
5.290845394134521484e+00
5.321743488311767578e+00
5.291835784912109375e+00
5.330744743347167969e+00
5.287266254425048828e+00
5.307687282562255859e+00
5.299954891204833984e+00
5.303328514099121094e+00
5.337255001068115234e+00
5.317831516265869141e+00
5.319833755493164062e+00
5.323998928070068359e+00
5.310662269592285156e+00
5.299232959747314453e+00
5.292383193969726562e+00
5.341365337371826172e+00
5.292497158050537109e+00
5.317525863647460938e+00
5.292233467102050781e+00
5.315209388732910156e+00
5.303595066070556641e+00
5.321378707885742188e+00
5.277727603912353516e+00
5.280995368957519531e+00
5.363046646118164062e+00
5.301102161407470703e+00
5.271906852722167969e+00
5.296643257141113281e+00
5.260104179382324219e+00
5.312020301818847656e+00
5.339088916778564453e+00
5.288225173950195312e+00
5.303580760955810547e+00
5.306854724884033203e+00
5.303672313690185547e+00
5.296314716339111328e+00
5.303604125976562500e+00
5.277513027191162109e+00
5.316580295562744141e+00
5.322061061859130859e+00
5.357111930847167969e+00
5.308264255523681641e+00
5.275534629821777344e+00
5.294391632080078125e+00
5.309595584869384766e+00
5.328876495361328125e+00
5.292314052581787109e+00
5.309361934661865234e+00
5.326774120330810547e+00
5.308185577392578125e+00
5.291320800781250000e+00
5.295805454254150391e+00
5.316126346588134766e+00
5.273293495178222656e+00
5.296216011047363281e+00
5.286082744598388672e+00
5.274495601654052734e+00
5.304662704467773438e+00
5.293252468109130859e+00
5.274893283843994141e+00
5.294545650482177734e+00
5.299545288085937500e+00
5.324640274047851562e+00
5.309010505676269531e+00
5.292004585266113281e+00
5.264873981475830078e+00
5.264270305633544922e+00
5.290653705596923828e+00
5.292612552642822266e+00
5.245631217956542969e+00
5.316806316375732422e+00
5.275776863098144531e+00
5.310268878936767578e+00
5.281286716461181641e+00
5.283587455749511719e+00
5.297395706176757812e+00
5.254202842712402344e+00
5.331229209899902344e+00
5.314855575561523438e+00
5.275010585784912109e+00
5.307803630828857422e+00
5.271579265594482422e+00
5.316388130187988281e+00
5.299610137939453125e+00
5.267430305480957031e+00
5.310882568359375000e+00
5.286803245544433594e+00
5.270244598388671875e+00
5.303479194641113281e+00
5.293625831604003906e+00
5.309173583984375000e+00
5.325295925140380859e+00
5.316803455352783203e+00
5.298501014709472656e+00
5.302326202392578125e+00
5.298840999603271484e+00
5.301393985748291016e+00
5.325413227081298828e+00
5.309552669525146484e+00
5.297072887420654297e+00
5.311073780059814453e+00
5.302293300628662109e+00
5.295501708984375000e+00
5.285886287689208984e+00
5.280692577362060547e+00
5.269245147705078125e+00
5.323104858398437500e+00
5.323921203613281250e+00
5.282935142517089844e+00
5.282957553863525391e+00
5.246198177337646484e+00
5.339380264282226562e+00
5.280979156494140625e+00
5.342318534851074219e+00
5.288027286529541016e+00
5.312884807586669922e+00
5.302394390106201172e+00
5.288903236389160156e+00
5.329966545104980469e+00
5.251117706298828125e+00
5.312735557556152344e+00
5.319089889526367188e+00
5.284265995025634766e+00
5.314763069152832031e+00
5.307511806488037109e+00
5.301027297973632812e+00
5.295686721801757812e+00
5.321336269378662109e+00
5.333657741546630859e+00
5.361176013946533203e+00
5.289705753326416016e+00
5.300942897796630859e+00
5.278445243835449219e+00
5.304267883300781250e+00
5.282138824462890625e+00
5.316906929016113281e+00
5.305208206176757812e+00
5.291899204254150391e+00
5.306812763214111328e+00
5.308065891265869141e+00
5.294610500335693359e+00
5.289903163909912109e+00
5.305917739868164062e+00
5.299217224121093750e+00
5.293797016143798828e+00
5.330799579620361328e+00
5.313983440399169922e+00
5.310844898223876953e+00
5.273818492889404297e+00
5.282271385192871094e+00
5.282084941864013672e+00
5.244249820709228516e+00
5.297973632812500000e+00
5.290187358856201172e+00
5.286473274230957031e+00
5.304011344909667969e+00
5.344046115875244141e+00
5.248404502868652344e+00
5.300672531127929688e+00
5.285481452941894531e+00
5.354285240173339844e+00
5.307532310485839844e+00
5.288132667541503906e+00
5.307299613952636719e+00
5.302241802215576172e+00
5.328929424285888672e+00
5.328134536743164062e+00
5.297988891601562500e+00
5.291699886322021484e+00
5.291398525238037109e+00
5.311740398406982422e+00
5.272409915924072266e+00
5.306339740753173828e+00
5.297848701477050781e+00
5.343360424041748047e+00
5.299073696136474609e+00
5.330936908721923828e+00
5.288345813751220703e+00
5.297594070434570312e+00
5.299204349517822266e+00
5.318447113037109375e+00
5.266585350036621094e+00
5.314229488372802734e+00
5.294736862182617188e+00
5.342445373535156250e+00
5.295998096466064453e+00
5.289493560791015625e+00
5.309118270874023438e+00
5.309838771820068359e+00
5.338049888610839844e+00
5.325911045074462891e+00
5.222260475158691406e+00
5.310095787048339844e+00
5.356269359588623047e+00
5.312290191650390625e+00
5.281411170959472656e+00
5.359936237335205078e+00
5.278607845306396484e+00
5.283652782440185547e+00
5.400209903717041016e+00
5.309648990631103516e+00
5.315704822540283203e+00
5.285609245300292969e+00
5.295522212982177734e+00
5.267543315887451172e+00
5.327903747558593750e+00
5.275420665740966797e+00
5.296751976013183594e+00
5.323944568634033203e+00
5.277880668640136719e+00
5.301662445068359375e+00
5.313589572906494141e+00
5.281636714935302734e+00
5.311167240142822266e+00
5.300738811492919922e+00
5.296430110931396484e+00
5.292978763580322266e+00
5.318647384643554688e+00
5.285999298095703125e+00
5.297414779663085938e+00
5.291939258575439453e+00
5.318192481994628906e+00
5.280982494354248047e+00
5.300707817077636719e+00
5.301474094390869141e+00
5.350904941558837891e+00
5.260057926177978516e+00
5.290613174438476562e+00
5.316041469573974609e+00
5.298205375671386719e+00
5.293653011322021484e+00
5.338008880615234375e+00
5.306967258453369141e+00
5.259951114654541016e+00
5.250367164611816406e+00
5.304656505584716797e+00
5.350367546081542969e+00
5.277667522430419922e+00
5.313453674316406250e+00
5.281088829040527344e+00
5.296962261199951172e+00
5.319477558135986328e+00
5.319780826568603516e+00
5.274700641632080078e+00
5.315895557403564453e+00
5.311182022094726562e+00
5.325981616973876953e+00
5.274693965911865234e+00
5.296144485473632812e+00
5.392018318176269531e+00
5.297229290008544922e+00
5.264279842376708984e+00
5.314248561859130859e+00
5.325485229492187500e+00
5.274838924407958984e+00
5.283173084259033203e+00
5.287177085876464844e+00
5.319698333740234375e+00
5.301551818847656250e+00
5.301381587982177734e+00
5.319700241088867188e+00
5.317009925842285156e+00
5.297768592834472656e+00
5.308255195617675781e+00
5.293488979339599609e+00
5.320845127105712891e+00
5.316916465759277344e+00
5.301318645477294922e+00
5.309628486633300781e+00
5.279662132263183594e+00
5.288868904113769531e+00
5.306206226348876953e+00
5.294953346252441406e+00
5.303610801696777344e+00
5.290291786193847656e+00
5.264489173889160156e+00
5.335271835327148438e+00
5.303224086761474609e+00
5.284339904785156250e+00
5.336691379547119141e+00
5.291854381561279297e+00
5.278641700744628906e+00
5.397421360015869141e+00
5.281641483306884766e+00
5.275527477264404297e+00
5.327055454254150391e+00
5.292849063873291016e+00
5.307154655456542969e+00
5.255948543548583984e+00
5.350771903991699219e+00
5.297495841979980469e+00
5.313431739807128906e+00
5.309431552886962891e+00
5.274562835693359375e+00
5.282361507415771484e+00
5.301539421081542969e+00
5.347431182861328125e+00
5.312103271484375000e+00
5.337121009826660156e+00
5.273440361022949219e+00
5.306052684783935547e+00
5.305184841156005859e+00
5.300166130065917969e+00
5.292697906494140625e+00
5.323514461517333984e+00
5.310930252075195312e+00
5.314440727233886719e+00
5.316202163696289062e+00
5.297275543212890625e+00
5.284914493560791016e+00
5.307276248931884766e+00
5.277420997619628906e+00
5.304211616516113281e+00
5.319797515869140625e+00
5.315434455871582031e+00
5.257972717285156250e+00
5.280900478363037109e+00
5.337255954742431641e+00
5.275139331817626953e+00
5.343524456024169922e+00
5.265702247619628906e+00
5.278549671173095703e+00
5.344255447387695312e+00
5.319665908813476562e+00
5.284508228302001953e+00
5.328501701354980469e+00
5.333377361297607422e+00
5.330560684204101562e+00
5.311350822448730469e+00
5.308499336242675781e+00
5.278470993041992188e+00
5.297130584716796875e+00
5.335469722747802734e+00
5.289113044738769531e+00
5.315144062042236328e+00
5.332582473754882812e+00
5.310388565063476562e+00
5.257354259490966797e+00
5.285415649414062500e+00
5.328300952911376953e+00
5.294113159179687500e+00
5.333350181579589844e+00
5.316500186920166016e+00
5.292086601257324219e+00
5.315329074859619141e+00
5.300149440765380859e+00
5.300278186798095703e+00
5.288807392120361328e+00
5.290195941925048828e+00
5.317080497741699219e+00
5.268024921417236328e+00
5.362182140350341797e+00
5.280218601226806641e+00
5.261942386627197266e+00
5.311050891876220703e+00
5.297506809234619141e+00
5.320803165435791016e+00
5.211423397064208984e+00
5.300484657287597656e+00
5.318922042846679688e+00
5.297508239746093750e+00
5.325310707092285156e+00
5.303560733795166016e+00
5.303422451019287109e+00
5.272068500518798828e+00
5.342711925506591797e+00
5.338080883026123047e+00
5.301084995269775391e+00
5.298768043518066406e+00
5.289831161499023438e+00
5.309777259826660156e+00
5.270588397979736328e+00
5.303671836853027344e+00
5.289884567260742188e+00
5.306983470916748047e+00
5.292591571807861328e+00
5.325142383575439453e+00
5.293050765991210938e+00
5.272683143615722656e+00
5.303725719451904297e+00
5.366395950317382812e+00
5.298648834228515625e+00
5.275352001190185547e+00
5.302784919738769531e+00
5.284622192382812500e+00
5.300023555755615234e+00
5.281189918518066406e+00
5.306611537933349609e+00
5.308443069458007812e+00
5.317469120025634766e+00
5.312764167785644531e+00
5.325479507446289062e+00
5.301208496093750000e+00
5.273539066314697266e+00
5.311736583709716797e+00
5.323685169219970703e+00
5.274157047271728516e+00
5.308468341827392578e+00
5.300469875335693359e+00
5.285323619842529297e+00
5.289722919464111328e+00
5.282546997070312500e+00
5.262468814849853516e+00
5.294003963470458984e+00
5.299505233764648438e+00
5.257940292358398438e+00
5.338777542114257812e+00
5.279048919677734375e+00
5.286771297454833984e+00
5.340657234191894531e+00
5.274889469146728516e+00
5.308967590332031250e+00
5.273377895355224609e+00
5.337103366851806641e+00
5.294272422790527344e+00
5.292459487915039062e+00
5.310641765594482422e+00
5.306993007659912109e+00
5.309082031250000000e+00
5.279243946075439453e+00
5.330269813537597656e+00
5.315311431884765625e+00
5.317568778991699219e+00
5.295866966247558594e+00
5.326021671295166016e+00
5.301379680633544922e+00
5.296079635620117188e+00
5.302684783935546875e+00
5.288204669952392578e+00
5.324472427368164062e+00
5.285007953643798828e+00
5.292265892028808594e+00
5.270164489746093750e+00
5.338714599609375000e+00
5.318631649017333984e+00
5.324666023254394531e+00
5.281919956207275391e+00
5.266819953918457031e+00
5.276234149932861328e+00
5.335443019866943359e+00
5.352334499359130859e+00
5.295754432678222656e+00
5.245235919952392578e+00
5.297619342803955078e+00
5.288026332855224609e+00
5.312134265899658203e+00
5.261392593383789062e+00
5.366808414459228516e+00
5.291052818298339844e+00
5.306409835815429688e+00
5.296927452087402344e+00
5.268920898437500000e+00
5.318564414978027344e+00
5.295778274536132812e+00
5.319746971130371094e+00
5.285504341125488281e+00
5.279369354248046875e+00
5.327383041381835938e+00
5.301981925964355469e+00
5.291518688201904297e+00
5.304198265075683594e+00
5.329863548278808594e+00
5.303058147430419922e+00
5.299066543579101562e+00
5.321993350982666016e+00
5.301831722259521484e+00
5.300866603851318359e+00
5.284655570983886719e+00
5.301260948181152344e+00
5.302081108093261719e+00
5.305661201477050781e+00
5.294528484344482422e+00
5.290542602539062500e+00
5.293302536010742188e+00
5.276792049407958984e+00
5.303977012634277344e+00
5.290011405944824219e+00
5.303544044494628906e+00
5.270668983459472656e+00
5.291226387023925781e+00
5.329905986785888672e+00
5.330776214599609375e+00
5.308271408081054688e+00
5.284959316253662109e+00
5.304932117462158203e+00
5.280711650848388672e+00
5.314133167266845703e+00
5.316448211669921875e+00
5.285614013671875000e+00
5.319426059722900391e+00
5.306685447692871094e+00
5.281772136688232422e+00
5.340753078460693359e+00
5.290318012237548828e+00
5.350984096527099609e+00
5.296472072601318359e+00
5.305177211761474609e+00
5.286302566528320312e+00
5.298316478729248047e+00
5.320553779602050781e+00
5.332255840301513672e+00
5.315883636474609375e+00
5.296381950378417969e+00
5.315853118896484375e+00
5.286469936370849609e+00
5.300944328308105469e+00
5.319283485412597656e+00
5.293787002563476562e+00
5.308136463165283203e+00
5.289141178131103516e+00
5.291385650634765625e+00
5.286988258361816406e+00
5.309750080108642578e+00
5.310142993927001953e+00
5.297513484954833984e+00
5.290348529815673828e+00
5.323321819305419922e+00
5.261430740356445312e+00
5.272219657897949219e+00
5.301301479339599609e+00
5.306605339050292969e+00
5.301714420318603516e+00
5.283771514892578125e+00
5.300350666046142578e+00
5.295058727264404297e+00
5.314763069152832031e+00
5.344728469848632812e+00
5.319036483764648438e+00
5.263233661651611328e+00
5.280218124389648438e+00
5.301303863525390625e+00
5.328170299530029297e+00
5.286475658416748047e+00
5.300130367279052734e+00
5.316541671752929688e+00
5.289091110229492188e+00
5.320558071136474609e+00
5.276277542114257812e+00
5.286550045013427734e+00
5.318707942962646484e+00
5.312833786010742188e+00
5.338673114776611328e+00
5.314217567443847656e+00
5.281054496765136719e+00
5.293897628784179688e+00
5.326541423797607422e+00
5.315051555633544922e+00
5.320586681365966797e+00
5.303702354431152344e+00
5.299326896667480469e+00
5.291328430175781250e+00
5.312327384948730469e+00
5.289031028747558594e+00
5.307406425476074219e+00
5.312286853790283203e+00
5.282313346862792969e+00
5.297898769378662109e+00
5.291181564331054688e+00
5.286639690399169922e+00
5.301739692687988281e+00
5.295976161956787109e+00
5.383038520812988281e+00
5.268907546997070312e+00
5.321984767913818359e+00
5.240161418914794922e+00
5.285923004150390625e+00
5.319481372833251953e+00
5.287367820739746094e+00
5.288949012756347656e+00
5.279283523559570312e+00
5.303508758544921875e+00
5.264203071594238281e+00
5.334099292755126953e+00
5.313601493835449219e+00
5.308295726776123047e+00
5.324129581451416016e+00
5.318500995635986328e+00
5.309776782989501953e+00
5.324006080627441406e+00
5.305456161499023438e+00
5.313241004943847656e+00
5.327041625976562500e+00
5.337969779968261719e+00
5.286466598510742188e+00
5.293200016021728516e+00
5.300804138183593750e+00
5.284316539764404297e+00
5.307941436767578125e+00
5.297492980957031250e+00
5.295878410339355469e+00
5.304288387298583984e+00
5.287315368652343750e+00
5.320661067962646484e+00
5.291930198669433594e+00
5.310724258422851562e+00
5.299358367919921875e+00
5.311100959777832031e+00
5.306438446044921875e+00
5.295010566711425781e+00
5.296576023101806641e+00
5.297547817230224609e+00
5.300078868865966797e+00
5.294054508209228516e+00
5.319168090820312500e+00
5.275801181793212891e+00
5.293698310852050781e+00
5.299283027648925781e+00
5.287179470062255859e+00
5.362984180450439453e+00
5.268954753875732422e+00
5.359076976776123047e+00
5.277044296264648438e+00
5.318465232849121094e+00
5.325553417205810547e+00
5.307550430297851562e+00
5.324595928192138672e+00
5.309640884399414062e+00
5.291823387145996094e+00
5.324043273925781250e+00
5.291508674621582031e+00
5.292693614959716797e+00
5.292130470275878906e+00
5.324605464935302734e+00
5.311113834381103516e+00
5.296736717224121094e+00
5.322699069976806641e+00
5.294032096862792969e+00
5.292183876037597656e+00
5.316084384918212891e+00
5.284838676452636719e+00
5.325895309448242188e+00
5.298810958862304688e+00
5.314380168914794922e+00
5.296252727508544922e+00
5.322695255279541016e+00
5.311920166015625000e+00
5.302289485931396484e+00
5.289727210998535156e+00
5.312860012054443359e+00
5.274687767028808594e+00
5.297530174255371094e+00
5.299295902252197266e+00
5.311913967132568359e+00
5.292044162750244141e+00
5.284785747528076172e+00
5.281474113464355469e+00
5.280749320983886719e+00
5.294659614562988281e+00
5.299831390380859375e+00
5.295923233032226562e+00
5.294773101806640625e+00
5.306003570556640625e+00
5.283830642700195312e+00
5.296398162841796875e+00
5.351216793060302734e+00
5.208813667297363281e+00
5.257062911987304688e+00
5.299465179443359375e+00
5.285799026489257812e+00
5.302432060241699219e+00
5.278433799743652344e+00
5.332357406616210938e+00
5.312759876251220703e+00
5.316625595092773438e+00
5.291061401367187500e+00
5.368442058563232422e+00
5.290934562683105469e+00
5.284383296966552734e+00
5.304408550262451172e+00
5.292070865631103516e+00
5.307613849639892578e+00
5.336396694183349609e+00
5.312460899353027344e+00
5.296524524688720703e+00
5.298066616058349609e+00
5.318106651306152344e+00
5.280742168426513672e+00
5.296066284179687500e+00
5.291219234466552734e+00
5.308374404907226562e+00
5.294048786163330078e+00
5.293542385101318359e+00
5.291849136352539062e+00
5.305405139923095703e+00
5.298171520233154297e+00
5.296514511108398438e+00
5.285470008850097656e+00
5.312540531158447266e+00
5.244832992553710938e+00
5.295537948608398438e+00
5.277150154113769531e+00
5.350698471069335938e+00
5.315695762634277344e+00
5.259272575378417969e+00
5.333507537841796875e+00
5.293196678161621094e+00
5.267904758453369141e+00
5.291678428649902344e+00
5.334077358245849609e+00
5.258412837982177734e+00
5.305765151977539062e+00
5.310736179351806641e+00
5.278535366058349609e+00
5.324621200561523438e+00
5.279650211334228516e+00
5.295035839080810547e+00
5.338386535644531250e+00
5.277608394622802734e+00
5.348315715789794922e+00
5.327826499938964844e+00
5.275808811187744141e+00
5.335901737213134766e+00
5.278084278106689453e+00
5.284170150756835938e+00
5.315694808959960938e+00
5.310853004455566406e+00
5.315172672271728516e+00
5.289875984191894531e+00
5.295900821685791016e+00
5.297729969024658203e+00
5.326959609985351562e+00
5.289617538452148438e+00
5.290319919586181641e+00
5.305996894836425781e+00
5.311655044555664062e+00
5.296226501464843750e+00
5.297971248626708984e+00
5.283479690551757812e+00
5.293688774108886719e+00
5.310223579406738281e+00
5.302319526672363281e+00
5.351936817169189453e+00
5.263304233551025391e+00
5.312373638153076172e+00
5.328823089599609375e+00
5.312752246856689453e+00
5.303102016448974609e+00
5.273659706115722656e+00
5.303701400756835938e+00
5.286063671112060547e+00
5.287905216217041016e+00
5.342664718627929688e+00
5.290737152099609375e+00
5.294265270233154297e+00
5.325664520263671875e+00
5.298936367034912109e+00
5.308246135711669922e+00
5.349261283874511719e+00
5.311173915863037109e+00
5.306265830993652344e+00
5.275664329528808594e+00
5.307811737060546875e+00
5.284576416015625000e+00
5.320470333099365234e+00
5.334233760833740234e+00
5.292498111724853516e+00
5.316173076629638672e+00
5.292791366577148438e+00
5.302443027496337891e+00
5.287871837615966797e+00
5.306620597839355469e+00
5.290451049804687500e+00
5.289631366729736328e+00
5.310781002044677734e+00
5.286263942718505859e+00
5.301146507263183594e+00
5.295075893402099609e+00
5.308958053588867188e+00
5.281904220581054688e+00
5.295744895935058594e+00
5.294132232666015625e+00
5.300609588623046875e+00
5.323019504547119141e+00
5.276117801666259766e+00
5.300208568572998047e+00
5.284489631652832031e+00
5.275369644165039062e+00
5.242026329040527344e+00
5.311269283294677734e+00
5.333597660064697266e+00
5.302150249481201172e+00
5.299919605255126953e+00
5.344821929931640625e+00
5.321154117584228516e+00
5.277678489685058594e+00
5.320490837097167969e+00
5.310045719146728516e+00
5.311032295227050781e+00
5.294503211975097656e+00
5.304440498352050781e+00
5.299066066741943359e+00
5.317053318023681641e+00
5.310198307037353516e+00
5.278470039367675781e+00
5.299656391143798828e+00
5.296162605285644531e+00
5.302941799163818359e+00
5.318846225738525391e+00
5.304453849792480469e+00
5.294452190399169922e+00
5.295153141021728516e+00
5.325731754302978516e+00
5.292708873748779297e+00
5.295353412628173828e+00
5.290561676025390625e+00
5.304757118225097656e+00
5.279958724975585938e+00
5.288746833801269531e+00
5.308990955352783203e+00
5.301803112030029297e+00
5.299911022186279297e+00
5.291390895843505859e+00
5.294310092926025391e+00
5.300048351287841797e+00
5.256587505340576172e+00
5.311096191406250000e+00
5.286277770996093750e+00
5.299525260925292969e+00
5.336344242095947266e+00
5.288098335266113281e+00
5.296940326690673828e+00
5.358041286468505859e+00
5.288512706756591797e+00
5.299217700958251953e+00
5.329286098480224609e+00
5.318061828613281250e+00
5.254012107849121094e+00
5.276063442230224609e+00
5.299845695495605469e+00
5.329589366912841797e+00
5.300691127777099609e+00
5.312286376953125000e+00
5.298471450805664062e+00
5.303455352783203125e+00
5.303165912628173828e+00
5.301781177520751953e+00
5.293960094451904297e+00
5.304820060729980469e+00
5.280375957489013672e+00
5.297932147979736328e+00
5.291471958160400391e+00
5.294253349304199219e+00
5.310749053955078125e+00
5.323542594909667969e+00
5.317676067352294922e+00
5.286373138427734375e+00
5.281946182250976562e+00
5.285964965820312500e+00
5.249714851379394531e+00
5.238876819610595703e+00
5.333736419677734375e+00
5.304117202758789062e+00
5.306111812591552734e+00
5.298282623291015625e+00
5.340298175811767578e+00
5.305228710174560547e+00
5.292078018188476562e+00
5.281639099121093750e+00
5.317815303802490234e+00
5.306734561920166016e+00
5.293886184692382812e+00
5.306097984313964844e+00
5.280395507812500000e+00
5.313764572143554688e+00
5.304303646087646484e+00
5.321400165557861328e+00
5.293632507324218750e+00
5.303854465484619141e+00
5.322925567626953125e+00
5.293844223022460938e+00
5.295610427856445312e+00
5.307435989379882812e+00
5.280483245849609375e+00
5.307793140411376953e+00
5.312825202941894531e+00
5.265715599060058594e+00
5.281608104705810547e+00
5.296547412872314453e+00
5.328873157501220703e+00
5.235857009887695312e+00
5.316650867462158203e+00
5.253463745117187500e+00
5.309257507324218750e+00
5.317435264587402344e+00
5.271194458007812500e+00
5.299310207366943359e+00
5.311135292053222656e+00
5.302373886108398438e+00
5.250364303588867188e+00
5.336723804473876953e+00
5.256083011627197266e+00
5.307695865631103516e+00
5.285669803619384766e+00
5.307066917419433594e+00
5.293969154357910156e+00
5.275646209716796875e+00
5.316112995147705078e+00
5.307434082031250000e+00
5.287611484527587891e+00
5.285446643829345703e+00
5.312048912048339844e+00
5.295038223266601562e+00
5.295578002929687500e+00
5.330111503601074219e+00
5.284409046173095703e+00
5.301600933074951172e+00
5.279199123382568359e+00
5.292743682861328125e+00
5.294267177581787109e+00
5.298562526702880859e+00
5.322585105895996094e+00
5.302884578704833984e+00
5.283943653106689453e+00
5.263578891754150391e+00
5.295062541961669922e+00
5.308625698089599609e+00
5.327989578247070312e+00
5.263006210327148438e+00
5.285684108734130859e+00
5.316798210144042969e+00
5.293827056884765625e+00
5.304833889007568359e+00
5.329226493835449219e+00
5.302114486694335938e+00
5.275580406188964844e+00
5.290690422058105469e+00
5.292267322540283203e+00
5.333523750305175781e+00
5.287991523742675781e+00
5.296060562133789062e+00
5.318244457244873047e+00
5.296127319335937500e+00
5.317720890045166016e+00
5.323699951171875000e+00
5.295771121978759766e+00
5.293599605560302734e+00
5.315888881683349609e+00
5.282558917999267578e+00
5.268211364746093750e+00
5.317445755004882812e+00
5.252577304840087891e+00
5.307830810546875000e+00
5.321028709411621094e+00
5.274238586425781250e+00
5.348276138305664062e+00
5.279758453369140625e+00
5.322436332702636719e+00
5.304419994354248047e+00
5.320664882659912109e+00
5.277419567108154297e+00
5.307727336883544922e+00
5.295051574707031250e+00
5.318827152252197266e+00
5.310313224792480469e+00
5.333655357360839844e+00
5.294708251953125000e+00
5.311364173889160156e+00
5.300710678100585938e+00
5.303708076477050781e+00
5.321762561798095703e+00
5.294719696044921875e+00
5.295363903045654297e+00
5.316327571868896484e+00
5.288897514343261719e+00
5.291142463684082031e+00
5.299743175506591797e+00
5.287900447845458984e+00
5.314155578613281250e+00
5.308838844299316406e+00
5.293472290039062500e+00
5.266618251800537109e+00
5.308205604553222656e+00
5.324259281158447266e+00
5.298862457275390625e+00
5.310341835021972656e+00
5.319694995880126953e+00
5.297386169433593750e+00
5.298758983612060547e+00
5.302250385284423828e+00
5.301104545593261719e+00
5.309325218200683594e+00
5.327840328216552734e+00
5.307546615600585938e+00
5.301001548767089844e+00
5.304493904113769531e+00
5.291272640228271484e+00
5.310493946075439453e+00
5.289454936981201172e+00
5.294001579284667969e+00
5.314462184906005859e+00
5.297875404357910156e+00
5.303278923034667969e+00
5.310592651367187500e+00
5.289363861083984375e+00
5.301674365997314453e+00
5.268511772155761719e+00
5.310591220855712891e+00
5.267222404479980469e+00
5.338128566741943359e+00
5.264266967773437500e+00
5.305576324462890625e+00
5.317442893981933594e+00
5.311090469360351562e+00
5.297478199005126953e+00
5.321181297302246094e+00
5.296260356903076172e+00
5.311800956726074219e+00
5.313961505889892578e+00
5.311839103698730469e+00
5.282983779907226562e+00
5.325487136840820312e+00
5.292952060699462891e+00
5.305780887603759766e+00
5.288690567016601562e+00
5.322875499725341797e+00
5.302758216857910156e+00
5.294679641723632812e+00
5.317866325378417969e+00
5.333255767822265625e+00
5.281295776367187500e+00
5.291071414947509766e+00
5.291256904602050781e+00
5.296913623809814453e+00
5.287601470947265625e+00
5.299870491027832031e+00
5.306735515594482422e+00
5.327816009521484375e+00
5.296754837036132812e+00
5.311048030853271484e+00
5.309522628784179688e+00
5.307498455047607422e+00
5.290925979614257812e+00
5.313001155853271484e+00
5.277037620544433594e+00
5.322158336639404297e+00
5.298333644866943359e+00
5.303878784179687500e+00
5.302962779998779297e+00
5.292714595794677734e+00
5.309788703918457031e+00
5.261813640594482422e+00
5.246184825897216797e+00
5.284470081329345703e+00
5.287525177001953125e+00
5.309539318084716797e+00
5.302271842956542969e+00
5.291793346405029297e+00
5.286698341369628906e+00
5.308903217315673828e+00
5.308375835418701172e+00
5.273909568786621094e+00
5.316935539245605469e+00
5.310475349426269531e+00
5.298210144042968750e+00
5.307749271392822266e+00
5.295248985290527344e+00
5.303387641906738281e+00
5.318183898925781250e+00
5.273871898651123047e+00
5.308329582214355469e+00
5.296551227569580078e+00
5.308504581451416016e+00
5.305422306060791016e+00
5.305877208709716797e+00
5.297576427459716797e+00
5.305057525634765625e+00
5.287817478179931641e+00
5.317928314208984375e+00
5.286774635314941406e+00
5.303055763244628906e+00
5.312081336975097656e+00
5.300109386444091797e+00
5.305586814880371094e+00
5.305191516876220703e+00
5.290077209472656250e+00
5.316935062408447266e+00
5.305313587188720703e+00
5.304513454437255859e+00
5.322980880737304688e+00
5.319229125976562500e+00
5.306355476379394531e+00
5.297035694122314453e+00
5.314330577850341797e+00
5.291794776916503906e+00
5.313333511352539062e+00
5.302246570587158203e+00
5.295987129211425781e+00
5.317905902862548828e+00
5.273173332214355469e+00
5.332180976867675781e+00
5.283433914184570312e+00
5.289874076843261719e+00
5.302619457244873047e+00
5.309886932373046875e+00
5.299050807952880859e+00
5.303965568542480469e+00
5.329855918884277344e+00
5.288441181182861328e+00
5.308154106140136719e+00
