3.715233087539672852e+00
3.686152219772338867e+00
3.719484329223632812e+00
3.763603448867797852e+00
3.752850532531738281e+00
3.754540205001831055e+00
3.721956014633178711e+00
3.743419647216796875e+00
3.710994720458984375e+00
3.708497047424316406e+00
3.717216491699218750e+00
3.705564737319946289e+00
3.738710641860961914e+00
3.714161872863769531e+00
3.692345619201660156e+00
3.664633750915527344e+00
3.679024457931518555e+00
3.764206409454345703e+00
3.767829179763793945e+00
3.760130405426025391e+00
3.725438356399536133e+00
3.711098670959472656e+00
3.727549791336059570e+00
3.735899686813354492e+00
3.726353883743286133e+00
3.743196249008178711e+00
3.772734165191650391e+00
3.727746725082397461e+00
3.700738191604614258e+00
3.719310045242309570e+00
3.688050270080566406e+00
3.694346666336059570e+00
3.697019815444946289e+00
3.665329456329345703e+00
3.674642324447631836e+00
3.656424283981323242e+00
3.677443981170654297e+00
3.647914409637451172e+00
3.640519142150878906e+00
3.736631393432617188e+00
3.723281621932983398e+00
3.758594989776611328e+00
3.750964403152465820e+00
3.740141153335571289e+00
3.726943969726562500e+00
3.712806701660156250e+00
3.725320339202880859e+00
3.766921520233154297e+00
3.711305379867553711e+00
3.731806993484497070e+00
3.703174829483032227e+00
3.695077419281005859e+00
3.719662904739379883e+00
3.735817909240722656e+00
3.713562250137329102e+00
3.697722196578979492e+00
3.685106277465820312e+00
3.686837434768676758e+00
3.668489694595336914e+00
3.629942655563354492e+00
3.647490978240966797e+00
3.642888069152832031e+00
3.639549732208251953e+00
3.737948179244995117e+00
3.737217426300048828e+00
3.743039131164550781e+00
3.745633602142333984e+00
3.780529737472534180e+00
3.794156074523925781e+00
3.711051464080810547e+00
3.685563564300537109e+00
3.762301445007324219e+00
3.726275444030761719e+00
3.711670637130737305e+00
3.738051891326904297e+00
3.703145265579223633e+00
3.694307088851928711e+00
3.715499639511108398e+00
3.693134069442749023e+00
3.725203514099121094e+00
3.690093278884887695e+00
3.693853616714477539e+00
3.681033611297607422e+00
3.675889492034912109e+00
3.664942502975463867e+00
3.629640579223632812e+00
3.630364894866943359e+00
3.755321741104125977e+00
3.686427116394042969e+00
3.691288471221923828e+00
3.724832057952880859e+00
3.746340751647949219e+00
3.755553007125854492e+00
3.737527608871459961e+00
3.768549919128417969e+00
3.751684427261352539e+00
3.778218030929565430e+00
3.707510232925415039e+00
3.678754091262817383e+00
3.720799446105957031e+00
3.755236148834228516e+00
3.732203006744384766e+00
3.719008445739746094e+00
3.714799642562866211e+00
3.722801208496093750e+00
3.676129579544067383e+00
3.686974525451660156e+00
3.733115434646606445e+00
3.714849948883056641e+00
3.702074766159057617e+00
3.690359592437744141e+00
3.705411195755004883e+00
3.676019430160522461e+00
3.735116004943847656e+00
3.784489870071411133e+00
3.742871999740600586e+00
3.748843669891357422e+00
3.718913316726684570e+00
3.749336719512939453e+00
3.746713638305664062e+00
3.722220182418823242e+00
3.718725681304931641e+00
3.760103464126586914e+00
3.739268302917480469e+00
3.749695301055908203e+00
3.738209724426269531e+00
3.697040319442749023e+00
3.737800121307373047e+00
3.735342979431152344e+00
3.707769393920898438e+00
3.704012155532836914e+00
3.709664106369018555e+00
3.677689313888549805e+00
3.663883209228515625e+00
3.670369625091552734e+00
3.664253234863281250e+00
3.682388544082641602e+00
3.661984443664550781e+00
3.656924009323120117e+00
3.664474487304687500e+00
3.765416145324707031e+00
3.742407321929931641e+00
3.707648992538452148e+00
3.752084732055664062e+00
3.734056949615478516e+00
3.726491689682006836e+00
3.724815845489501953e+00
3.744917631149291992e+00
3.769325971603393555e+00
3.734145879745483398e+00
3.747390508651733398e+00
3.729961872100830078e+00
3.738899946212768555e+00
3.758385896682739258e+00
3.742619276046752930e+00
3.725066423416137695e+00
3.736626625061035156e+00
3.712845802307128906e+00
3.711047172546386719e+00
3.714468479156494141e+00
3.731056213378906250e+00
3.704754590988159180e+00
3.658761262893676758e+00
3.646118879318237305e+00
3.676800251007080078e+00
3.692128419876098633e+00
3.650783538818359375e+00
3.652979135513305664e+00
3.743715524673461914e+00
3.750426292419433594e+00
3.720534801483154297e+00
3.743135452270507812e+00
3.803162574768066406e+00
3.755405187606811523e+00
3.731986761093139648e+00
3.771265506744384766e+00
3.750565528869628906e+00
3.737910985946655273e+00
3.732424259185791016e+00
3.737337112426757812e+00
3.719265937805175781e+00
3.741556644439697266e+00
3.735682249069213867e+00
3.739217996597290039e+00
3.731981277465820312e+00
3.719412326812744141e+00
3.720962762832641602e+00
3.707567453384399414e+00
3.713860988616943359e+00
3.701125383377075195e+00
3.741856813430786133e+00
3.696305036544799805e+00
3.683928728103637695e+00
3.660257577896118164e+00
3.686499357223510742e+00
3.659163236618041992e+00
3.641760587692260742e+00
3.727415084838867188e+00
3.755665779113769531e+00
3.731228351593017578e+00
3.697070121765136719e+00
3.688607931137084961e+00
3.746541500091552734e+00
3.774952173233032227e+00
3.767373085021972656e+00
3.750312089920043945e+00
3.768721103668212891e+00
3.785920381546020508e+00
3.764672517776489258e+00
3.744028568267822266e+00
3.729105949401855469e+00
3.752987861633300781e+00
3.740202665328979492e+00
3.699565172195434570e+00
3.732136011123657227e+00
3.747365474700927734e+00
3.716751337051391602e+00
3.718337774276733398e+00
3.663185119628906250e+00
3.669657707214355469e+00
3.694930315017700195e+00
3.706449270248413086e+00
3.727761983871459961e+00
3.697441577911376953e+00
3.711293220520019531e+00
3.667746305465698242e+00
3.672236442565917969e+00
3.643987655639648438e+00
3.732333183288574219e+00
3.732891321182250977e+00
3.742473602294921875e+00
3.758820533752441406e+00
3.730185031890869141e+00
3.718698978424072266e+00
3.759055376052856445e+00
3.810655832290649414e+00
3.743489742279052734e+00
3.732262372970581055e+00
3.729596614837646484e+00
3.736697435379028320e+00
3.747976303100585938e+00
3.753784656524658203e+00
3.748547554016113281e+00
3.707175731658935547e+00
3.718756914138793945e+00
3.718773841857910156e+00
3.705463409423828125e+00
3.699082374572753906e+00
3.709756135940551758e+00
3.761579275131225586e+00
3.751584053039550781e+00
3.730298757553100586e+00
3.661271333694458008e+00
3.683809041976928711e+00
3.694743871688842773e+00
3.687959909439086914e+00
3.654259204864501953e+00
3.632317781448364258e+00
3.612797498703002930e+00
3.759413242340087891e+00
3.749772310256958008e+00
3.724236965179443359e+00
3.683207988739013672e+00
3.746382713317871094e+00
3.791018486022949219e+00
3.764590978622436523e+00
3.736064910888671875e+00
3.735114336013793945e+00
3.734422206878662109e+00
3.785188436508178711e+00
3.782113552093505859e+00
3.764533042907714844e+00
3.774852752685546875e+00
3.781179904937744141e+00
3.741956710815429688e+00
3.780386924743652344e+00
3.748352766036987305e+00
3.757721185684204102e+00
3.744356632232666016e+00
3.726372718811035156e+00
3.702614068984985352e+00
3.660577058792114258e+00
3.706701040267944336e+00
3.744914293289184570e+00
3.752261400222778320e+00
3.716567993164062500e+00
3.682137012481689453e+00
3.686401367187500000e+00
3.685599565505981445e+00
3.655498743057250977e+00
3.646919250488281250e+00
3.631662845611572266e+00
3.729048728942871094e+00
3.717284679412841797e+00
3.728660106658935547e+00
3.723821640014648438e+00
3.734392642974853516e+00
3.720996618270874023e+00
3.754165649414062500e+00
3.747388601303100586e+00
3.758057355880737305e+00
3.711824178695678711e+00
3.711606502532958984e+00
3.729498624801635742e+00
3.729828834533691406e+00
3.728032588958740234e+00
3.745164871215820312e+00
3.777148246765136719e+00
3.747307300567626953e+00
3.743329048156738281e+00
3.701573848724365234e+00
3.745155572891235352e+00
3.702269315719604492e+00
3.755714893341064453e+00
3.756699800491333008e+00
3.725496292114257812e+00
3.681572437286376953e+00
3.677320718765258789e+00
3.727090835571289062e+00
3.718892335891723633e+00
3.726716041564941406e+00
3.699184179306030273e+00
3.656955480575561523e+00
3.629559516906738281e+00
3.601194381713867188e+00
3.735031366348266602e+00
3.801042556762695312e+00
3.734426021575927734e+00
3.734203338623046875e+00
3.707886219024658203e+00
3.763128519058227539e+00
3.745371818542480469e+00
3.733877897262573242e+00
3.746912717819213867e+00
3.726533889770507812e+00
3.771925449371337891e+00
3.813348054885864258e+00
3.798334598541259766e+00
3.761129617691040039e+00
3.751525402069091797e+00
3.739605426788330078e+00
3.698871850967407227e+00
3.753751516342163086e+00
3.754046678543090820e+00
3.728742361068725586e+00
3.705410003662109375e+00
3.738117694854736328e+00
3.721892118453979492e+00
3.728452920913696289e+00
3.729910373687744141e+00
3.750706434249877930e+00
3.720260143280029297e+00
3.705364942550659180e+00
3.676853418350219727e+00
3.652264833450317383e+00
3.665936708450317383e+00
3.670916795730590820e+00
3.667478084564208984e+00
3.648910045623779297e+00
3.757873773574829102e+00
3.735881805419921875e+00
3.747807979583740234e+00
3.810878992080688477e+00
3.739605665206909180e+00
3.738916158676147461e+00
3.715751409530639648e+00
3.745381355285644531e+00
3.745990514755249023e+00
3.762567520141601562e+00
3.759348392486572266e+00
3.692234754562377930e+00
3.747436046600341797e+00
3.776076316833496094e+00
3.776437997817993164e+00
3.785642147064208984e+00
3.764968633651733398e+00
3.691248893737792969e+00
3.696753978729248047e+00
3.721827745437622070e+00
3.749286890029907227e+00
3.770580291748046875e+00
3.745904445648193359e+00
3.718514204025268555e+00
3.703752279281616211e+00
3.695669889450073242e+00
3.724408149719238281e+00
3.752949714660644531e+00
3.751966714859008789e+00
3.716142416000366211e+00
3.663662910461425781e+00
3.630518674850463867e+00
3.635257720947265625e+00
3.647066116333007812e+00
3.671622991561889648e+00
3.709476947784423828e+00
3.728618144989013672e+00
3.725838184356689453e+00
3.725010395050048828e+00
3.712515354156494141e+00
3.772659778594970703e+00
3.753105878829956055e+00
3.749517202377319336e+00
3.729280233383178711e+00
3.714604616165161133e+00
3.773115158081054688e+00
3.776971340179443359e+00
3.728435516357421875e+00
3.714127540588378906e+00
3.748767852783203125e+00
3.708794593811035156e+00
3.765466690063476562e+00
3.760261535644531250e+00
3.740496158599853516e+00
3.712766408920288086e+00
3.711950302124023438e+00
3.721387863159179688e+00
3.705840110778808594e+00
3.743268966674804688e+00
3.715523481369018555e+00
3.723098278045654297e+00
3.668489217758178711e+00
3.658068656921386719e+00
3.667637109756469727e+00
3.686961650848388672e+00
3.727371931076049805e+00
3.686872959136962891e+00
3.632178544998168945e+00
3.601041316986083984e+00
3.741637945175170898e+00
3.719502449035644531e+00
3.722669601440429688e+00
3.727991104125976562e+00
3.743397712707519531e+00
3.748846054077148438e+00
3.725245237350463867e+00
3.757631301879882812e+00
3.748694419860839844e+00
3.766594409942626953e+00
3.762801408767700195e+00
3.708092689514160156e+00
3.745252132415771484e+00
3.802625417709350586e+00
3.745387554168701172e+00
3.735340595245361328e+00
3.722379684448242188e+00
3.699920654296875000e+00
3.760872840881347656e+00
3.791985511779785156e+00
3.772142171859741211e+00
3.773982048034667969e+00
3.739688873291015625e+00
3.724834918975830078e+00
3.731900215148925781e+00
3.713402271270751953e+00
3.742977380752563477e+00
3.735727548599243164e+00
3.711563110351562500e+00
3.691926717758178711e+00
3.688242673873901367e+00
3.656955242156982422e+00
3.677276134490966797e+00
3.681190967559814453e+00
3.665322780609130859e+00
3.791215896606445312e+00
3.780970573425292969e+00
3.754489183425903320e+00
3.742532014846801758e+00
3.691502809524536133e+00
3.752268314361572266e+00
3.777380466461181641e+00
3.745556592941284180e+00
3.719269275665283203e+00
3.760750532150268555e+00
3.748602151870727539e+00
3.779066324234008789e+00
3.769236564636230469e+00
3.770584821701049805e+00
3.740938425064086914e+00
3.772384881973266602e+00
3.755001068115234375e+00
3.755595207214355469e+00
3.722321987152099609e+00
3.686790466308593750e+00
3.689414024353027344e+00
3.669883012771606445e+00
3.734382152557373047e+00
3.734608411788940430e+00
3.716440677642822266e+00
3.743981838226318359e+00
3.718083620071411133e+00
3.707479953765869141e+00
3.721396684646606445e+00
3.729643344879150391e+00
3.722865819931030273e+00
3.715004444122314453e+00
3.656055212020874023e+00
3.622346878051757812e+00
3.609041452407836914e+00
3.623142957687377930e+00
3.720960378646850586e+00
3.690075874328613281e+00
3.765082359313964844e+00
3.770612955093383789e+00
3.743867874145507812e+00
3.708153963088989258e+00
3.708346366882324219e+00
3.727680444717407227e+00
3.740382671356201172e+00
3.754603385925292969e+00
3.787765502929687500e+00
3.715993404388427734e+00
3.729374647140502930e+00
3.758533000946044922e+00
3.764699935913085938e+00
3.780236721038818359e+00
3.751237154006958008e+00
3.720505714416503906e+00
3.753461837768554688e+00
3.755488634109497070e+00
3.748616456985473633e+00
3.733219861984252930e+00
3.706941366195678711e+00
3.744863986968994141e+00
3.745856761932373047e+00
3.685095787048339844e+00
3.702878713607788086e+00
3.715407609939575195e+00
3.714873075485229492e+00
3.707595825195312500e+00
3.696459293365478516e+00
3.691101074218750000e+00
3.696059703826904297e+00
3.687297344207763672e+00
3.666147470474243164e+00
3.607530832290649414e+00
3.765092372894287109e+00
3.717232465744018555e+00
3.741446018218994141e+00
3.755473613739013672e+00
3.754508972167968750e+00
3.753120422363281250e+00
3.768046379089355469e+00
3.789144515991210938e+00
3.786974668502807617e+00
3.758837223052978516e+00
3.780592918395996094e+00
3.785774707794189453e+00
3.803641796112060547e+00
3.775933742523193359e+00
3.729518175125122070e+00
3.765113115310668945e+00
3.782023906707763672e+00
3.740289449691772461e+00
3.756578922271728516e+00
3.738981246948242188e+00
3.760739326477050781e+00
3.749632120132446289e+00
3.755494594573974609e+00
3.707985162734985352e+00
3.738673210144042969e+00
3.723912000656127930e+00
3.721102476119995117e+00
3.716225624084472656e+00
3.708555221557617188e+00
3.719507455825805664e+00
3.706781148910522461e+00
3.690042018890380859e+00
3.667218446731567383e+00
3.655762672424316406e+00
3.635989665985107422e+00
3.667567968368530273e+00
3.684972047805786133e+00
3.763561010360717773e+00
3.712703704833984375e+00
3.749479293823242188e+00
3.819387912750244141e+00
3.772279500961303711e+00
3.713238954544067383e+00
3.725307226181030273e+00
3.742277145385742188e+00
3.793386220932006836e+00
3.762910366058349609e+00
3.760332107543945312e+00
3.768236160278320312e+00
3.771672487258911133e+00
3.755400896072387695e+00
3.731791973114013672e+00
3.745465040206909180e+00
3.752450704574584961e+00
3.724066019058227539e+00
3.741030693054199219e+00
3.714036226272583008e+00
3.744901657104492188e+00
3.730496406555175781e+00
3.730288028717041016e+00
3.763935565948486328e+00
3.771837949752807617e+00
3.741840839385986328e+00
3.723330736160278320e+00
3.725178718566894531e+00
3.693632125854492188e+00
3.726076364517211914e+00
3.710192680358886719e+00
3.700933933258056641e+00
3.707469463348388672e+00
3.698594808578491211e+00
3.670124530792236328e+00
3.633726835250854492e+00
3.624744892120361328e+00
3.735571622848510742e+00
3.721623420715332031e+00
3.766440629959106445e+00
3.721854448318481445e+00
3.745072364807128906e+00
3.764606952667236328e+00
3.722119808197021484e+00
3.779672145843505859e+00
3.756746768951416016e+00
3.744034051895141602e+00
3.735934019088745117e+00
3.768928050994873047e+00
3.795401573181152344e+00
3.786480188369750977e+00
3.733043909072875977e+00
3.738494396209716797e+00
3.775760173797607422e+00
3.773276567459106445e+00
3.780732631683349609e+00
3.751988887786865234e+00
3.757708549499511719e+00
3.759903192520141602e+00
3.743327856063842773e+00
3.742563962936401367e+00
3.730954408645629883e+00
3.717661619186401367e+00
3.706120967864990234e+00
3.699775457382202148e+00
3.714386701583862305e+00
3.721661090850830078e+00
3.698569297790527344e+00
3.710505485534667969e+00
3.686840295791625977e+00
3.682101964950561523e+00
3.686182022094726562e+00
3.666110754013061523e+00
3.652737379074096680e+00
3.634317398071289062e+00
3.750438451766967773e+00
3.747970581054687500e+00
3.716910123825073242e+00
3.727710247039794922e+00
3.788835763931274414e+00
3.817551136016845703e+00
3.780601501464843750e+00
3.760624647140502930e+00
3.777760267257690430e+00
3.787263154983520508e+00
3.763639688491821289e+00
3.738555431365966797e+00
3.741936683654785156e+00
3.773304939270019531e+00
3.754249811172485352e+00
3.760908842086791992e+00
3.743698596954345703e+00
3.754888296127319336e+00
3.752219200134277344e+00
3.768681526184082031e+00
3.740468263626098633e+00
3.769449472427368164e+00
3.745317697525024414e+00
3.759248733520507812e+00
3.750992774963378906e+00
3.749494075775146484e+00
3.736804485321044922e+00
3.704751253128051758e+00
3.701325178146362305e+00
3.723613023757934570e+00
3.724479198455810547e+00
3.742632389068603516e+00
3.724323987960815430e+00
3.682372570037841797e+00
3.668369770050048828e+00
3.655850410461425781e+00
3.620243787765502930e+00
3.611496210098266602e+00
3.748760700225830078e+00
3.724764823913574219e+00
3.747274398803710938e+00
3.809107542037963867e+00
3.729863882064819336e+00
3.741698741912841797e+00
3.785992145538330078e+00
3.766285181045532227e+00
3.771516323089599609e+00
3.758436441421508789e+00
3.769632339477539062e+00
3.755858421325683594e+00
3.753069877624511719e+00
3.747994899749755859e+00
3.756521224975585938e+00
3.739537477493286133e+00
3.816612243652343750e+00
3.779249191284179688e+00
3.785621404647827148e+00
3.747241258621215820e+00
3.767966032028198242e+00
3.745676279067993164e+00
3.747359752655029297e+00
3.742758274078369141e+00
3.722118139266967773e+00
3.713482379913330078e+00
3.694403648376464844e+00
3.722866773605346680e+00
3.755445003509521484e+00
3.742784976959228516e+00
3.719422817230224609e+00
3.700642824172973633e+00
3.666194915771484375e+00
3.702131748199462891e+00
3.694080114364624023e+00
3.665554285049438477e+00
3.636801958084106445e+00
3.625348329544067383e+00
3.632997989654541016e+00
3.729776859283447266e+00
3.788022756576538086e+00
3.750888109207153320e+00
3.708231925964355469e+00
3.771804809570312500e+00
3.819970369338989258e+00
3.740394353866577148e+00
3.755115985870361328e+00
3.756831645965576172e+00
3.786633729934692383e+00
3.810363769531250000e+00
3.759038448333740234e+00
3.749749422073364258e+00
3.812343597412109375e+00
3.792722702026367188e+00
3.722831010818481445e+00
3.751621246337890625e+00
3.800283193588256836e+00
3.762295961380004883e+00
3.769017696380615234e+00
3.768016338348388672e+00
3.754583358764648438e+00
3.768474102020263672e+00
3.744871616363525391e+00
3.770745754241943359e+00
3.774030923843383789e+00
3.740276813507080078e+00
3.675788402557373047e+00
3.677367210388183594e+00
3.707277774810791016e+00
3.750990867614746094e+00
3.750723600387573242e+00
3.702636003494262695e+00
3.690322160720825195e+00
3.682172536849975586e+00
3.669291019439697266e+00
3.651975393295288086e+00
3.636312484741210938e+00
3.612361669540405273e+00
3.736150264739990234e+00
3.716352701187133789e+00
3.738924980163574219e+00
3.780941247940063477e+00
3.757880687713623047e+00
3.703025817871093750e+00
3.734575748443603516e+00
3.775084495544433594e+00
3.751208782196044922e+00
3.731188297271728516e+00
3.751267910003662109e+00
3.774601221084594727e+00
3.786375522613525391e+00
3.741214990615844727e+00
3.728954553604125977e+00
3.761976957321166992e+00
3.758318901062011719e+00
3.749924421310424805e+00
3.738945007324218750e+00
3.777758359909057617e+00
3.772513151168823242e+00
3.768039226531982422e+00
3.747346639633178711e+00
3.716169118881225586e+00
3.750855445861816406e+00
3.761004686355590820e+00
3.748241186141967773e+00
3.755478143692016602e+00
3.763171672821044922e+00
3.756115913391113281e+00
3.702525138854980469e+00
3.680064201354980469e+00
3.696987867355346680e+00
3.702241659164428711e+00
3.674463033676147461e+00
3.662520170211791992e+00
3.644126415252685547e+00
3.659772872924804688e+00
3.675417900085449219e+00
3.663937091827392578e+00
3.711145639419555664e+00
3.823440551757812500e+00
3.765894412994384766e+00
3.705681562423706055e+00
3.751999139785766602e+00
3.761018037796020508e+00
3.755486249923706055e+00
3.760402441024780273e+00
3.811434030532836914e+00
3.776162624359130859e+00
3.752857685089111328e+00
3.739464998245239258e+00
3.770675897598266602e+00
3.765496015548706055e+00
3.780848741531372070e+00
3.749704360961914062e+00
3.822088003158569336e+00
3.817061185836791992e+00
3.792569398880004883e+00
3.738704681396484375e+00
3.724456787109375000e+00
3.767171144485473633e+00
3.783903360366821289e+00
3.734313011169433594e+00
3.740671873092651367e+00
3.727132797241210938e+00
3.726382255554199219e+00
3.738881349563598633e+00
3.720463752746582031e+00
3.726861476898193359e+00
3.729244232177734375e+00
3.720016956329345703e+00
3.692145586013793945e+00
3.667601823806762695e+00
3.671747207641601562e+00
3.666937828063964844e+00
3.660033226013183594e+00
3.641035556793212891e+00
3.624151229858398438e+00
3.621813774108886719e+00
3.774413585662841797e+00
3.768684387207031250e+00
3.817319869995117188e+00
3.789245843887329102e+00
3.751859188079833984e+00
3.710864067077636719e+00
3.771237611770629883e+00
3.763619899749755859e+00
3.743232727050781250e+00
3.778733730316162109e+00
3.758706569671630859e+00
3.797923803329467773e+00
3.766929388046264648e+00
3.777051210403442383e+00
3.776656150817871094e+00
3.762645721435546875e+00
3.755804300308227539e+00
3.775274515151977539e+00
3.820223331451416016e+00
3.763667821884155273e+00
3.783555746078491211e+00
3.762120485305786133e+00
3.719963788986206055e+00
3.787498712539672852e+00
3.788903713226318359e+00
3.735383272171020508e+00
3.670088052749633789e+00
3.745565414428710938e+00
3.757625579833984375e+00
3.750959396362304688e+00
3.710561752319335938e+00
3.709879636764526367e+00
3.719604969024658203e+00
3.687868595123291016e+00
3.672529458999633789e+00
3.661012411117553711e+00
3.644958019256591797e+00
3.648710012435913086e+00
3.636586189270019531e+00
3.632049798965454102e+00
3.715730667114257812e+00
3.743932485580444336e+00
3.745546579360961914e+00
3.724679231643676758e+00
3.763655662536621094e+00
3.794049978256225586e+00
3.765867233276367188e+00
3.727540493011474609e+00
3.791996955871582031e+00
3.771079063415527344e+00
3.751510620117187500e+00
3.777774095535278320e+00
3.765772104263305664e+00
3.763842582702636719e+00
3.775768756866455078e+00
3.766457557678222656e+00
3.795860528945922852e+00
3.761328935623168945e+00
3.764810323715209961e+00
3.744678497314453125e+00
3.739459514617919922e+00
3.770704269409179688e+00
3.811195373535156250e+00
3.760674715042114258e+00
3.732978820800781250e+00
3.732796669006347656e+00
3.781931400299072266e+00
3.748043537139892578e+00
3.694794893264770508e+00
3.678584337234497070e+00
3.704598188400268555e+00
3.733539581298828125e+00
3.746663331985473633e+00
3.730804681777954102e+00
3.717571735382080078e+00
3.694477558135986328e+00
3.690543651580810547e+00
3.651732444763183594e+00
3.638272285461425781e+00
3.629210948944091797e+00
3.625231742858886719e+00
3.740455627441406250e+00
3.735311985015869141e+00
3.695108175277709961e+00
3.727467060089111328e+00
3.760534286499023438e+00
3.795807600021362305e+00
3.765756607055664062e+00
3.792471408843994141e+00
3.744029760360717773e+00
3.732188224792480469e+00
3.791516065597534180e+00
3.727731227874755859e+00
3.806198358535766602e+00
3.783108711242675781e+00
3.808378458023071289e+00
3.788519144058227539e+00
3.774281263351440430e+00
3.741758584976196289e+00
3.771130800247192383e+00
3.749656200408935547e+00
3.745603322982788086e+00
3.742381572723388672e+00
3.764374256134033203e+00
3.798561573028564453e+00
3.770995378494262695e+00
3.713457822799682617e+00
3.692371845245361328e+00
3.721108675003051758e+00
3.763881683349609375e+00
3.770012140274047852e+00
3.718646287918090820e+00
3.694869995117187500e+00
3.651824951171875000e+00
3.671421289443969727e+00
3.694060087203979492e+00
3.684250593185424805e+00
3.683839797973632812e+00
3.676935195922851562e+00
3.662957191467285156e+00
3.645639896392822266e+00
3.627342462539672852e+00
3.683390617370605469e+00
3.743067979812622070e+00
3.750961065292358398e+00
3.804489612579345703e+00
3.754084348678588867e+00
3.746122598648071289e+00
3.754952430725097656e+00
3.781793355941772461e+00
3.826782941818237305e+00
3.755228519439697266e+00
3.785460233688354492e+00
3.758382081985473633e+00
3.796282768249511719e+00
3.757422685623168945e+00
3.744818687438964844e+00
3.784282684326171875e+00
3.760892391204833984e+00
3.789754629135131836e+00
3.783786058425903320e+00
3.749530553817749023e+00
3.767807483673095703e+00
3.778127431869506836e+00
3.763983964920043945e+00
3.771623611450195312e+00
3.763539552688598633e+00
3.775345563888549805e+00
3.773213863372802734e+00
3.725439310073852539e+00
3.662003040313720703e+00
3.700392484664916992e+00
3.739189147949218750e+00
3.772735834121704102e+00
3.756084918975830078e+00
3.703919649124145508e+00
3.662261247634887695e+00
3.652063131332397461e+00
3.652915239334106445e+00
3.645977735519409180e+00
3.634792327880859375e+00
3.626540184020996094e+00
3.617253780364990234e+00
3.726909875869750977e+00
3.740907907485961914e+00
3.711797475814819336e+00
3.775764703750610352e+00
3.790004014968872070e+00
3.793097972869873047e+00
3.812213420867919922e+00
3.750755071640014648e+00
3.748921871185302734e+00
3.775913238525390625e+00
3.773959875106811523e+00
3.771297931671142578e+00
3.770906686782836914e+00
3.767048597335815430e+00
3.745849370956420898e+00
3.708804368972778320e+00
3.755730628967285156e+00
3.758331537246704102e+00
3.745900392532348633e+00
3.776743888854980469e+00
3.793527603149414062e+00
3.776842832565307617e+00
3.753636360168457031e+00
3.775113105773925781e+00
3.785531520843505859e+00
3.772449016571044922e+00
3.702686548233032227e+00
3.756768941879272461e+00
3.794021844863891602e+00
3.761601448059082031e+00
3.716665029525756836e+00
3.684184312820434570e+00
3.681212902069091797e+00
3.713570833206176758e+00
3.749584674835205078e+00
3.743180990219116211e+00
3.705788373947143555e+00
3.678162336349487305e+00
3.654130458831787109e+00
3.635113000869750977e+00
3.635854959487915039e+00
3.689975738525390625e+00
3.708585262298583984e+00
3.792115688323974609e+00
3.752103805541992188e+00
3.739334106445312500e+00
3.736057281494140625e+00
3.759835481643676758e+00
3.785313367843627930e+00
3.782564640045166016e+00
3.770805120468139648e+00
3.735862016677856445e+00
3.793673515319824219e+00
3.769072294235229492e+00
3.794023275375366211e+00
3.806683540344238281e+00
3.794434309005737305e+00
3.764098882675170898e+00
3.792257547378540039e+00
3.765559434890747070e+00
3.733432292938232422e+00
3.741416931152343750e+00
3.800435066223144531e+00
3.770175933837890625e+00
3.767765522003173828e+00
3.752450466156005859e+00
3.760739088058471680e+00
3.744309425354003906e+00
3.715719223022460938e+00
3.700708866119384766e+00
3.720541000366210938e+00
3.739378213882446289e+00
3.735150337219238281e+00
3.720995903015136719e+00
3.677465677261352539e+00
3.659593582153320312e+00
3.682243347167968750e+00
3.705857276916503906e+00
3.688769102096557617e+00
3.653326272964477539e+00
3.627459526062011719e+00
3.611836910247802734e+00
3.774875640869140625e+00
3.752932310104370117e+00
3.749576807022094727e+00
3.714499473571777344e+00
3.744328260421752930e+00
3.817164182662963867e+00
3.762972593307495117e+00
3.724834680557250977e+00
3.849418640136718750e+00
3.836669921875000000e+00
3.740352392196655273e+00
3.773376226425170898e+00
3.745283365249633789e+00
3.757069587707519531e+00
3.808023214340209961e+00
3.760904312133789062e+00
3.786991119384765625e+00
3.749814987182617188e+00
3.769449472427368164e+00
3.807872772216796875e+00
3.729106903076171875e+00
3.745334148406982422e+00
3.773786544799804688e+00
3.745761632919311523e+00
3.727390289306640625e+00
3.755627632141113281e+00
3.739007234573364258e+00
3.764417886734008789e+00
3.765811681747436523e+00
3.744604587554931641e+00
3.710805892944335938e+00
3.701117753982543945e+00
3.718545436859130859e+00
3.713875055313110352e+00
3.728339195251464844e+00
3.680102109909057617e+00
3.680677652359008789e+00
3.662333250045776367e+00
3.662537336349487305e+00
3.649054527282714844e+00
3.628640651702880859e+00
3.717762470245361328e+00
3.712884426116943359e+00
3.728722810745239258e+00
3.793173551559448242e+00
3.762116432189941406e+00
3.753126144409179688e+00
3.733279943466186523e+00
3.797802686691284180e+00
3.758102893829345703e+00
3.768768548965454102e+00
3.822753906250000000e+00
3.837606906890869141e+00
3.798884391784667969e+00
3.769164562225341797e+00
3.774532079696655273e+00
3.750128746032714844e+00
3.770934343338012695e+00
3.799099445343017578e+00
3.812579631805419922e+00
3.723825693130493164e+00
3.717567920684814453e+00
3.793317556381225586e+00
3.774088382720947266e+00
3.750024318695068359e+00
3.758940458297729492e+00
3.735620975494384766e+00
3.745602846145629883e+00
3.760582923889160156e+00
3.737883567810058594e+00
3.746240615844726562e+00
3.742912530899047852e+00
3.769880533218383789e+00
3.743621826171875000e+00
3.714875221252441406e+00
3.679482460021972656e+00
3.681706666946411133e+00
3.679983854293823242e+00
3.688167095184326172e+00
3.665824890136718750e+00
3.645610094070434570e+00
3.623476028442382812e+00
3.626691818237304688e+00
3.762067317962646484e+00
3.748106002807617188e+00
3.718817234039306641e+00
3.691790103912353516e+00
3.774514913558959961e+00
3.775170087814331055e+00
3.717947721481323242e+00
3.716705322265625000e+00
3.753932952880859375e+00
3.773716688156127930e+00
3.727305412292480469e+00
3.737613677978515625e+00
3.815618038177490234e+00
3.792818307876586914e+00
3.783579587936401367e+00
3.744123220443725586e+00
3.772224903106689453e+00
3.760384082794189453e+00
3.733700990676879883e+00
3.793880701065063477e+00
3.780471563339233398e+00
3.753594875335693359e+00
3.775021553039550781e+00
3.763657808303833008e+00
3.759761333465576172e+00
3.749867200851440430e+00
3.724845886230468750e+00
3.757423877716064453e+00
3.744218587875366211e+00
3.726487159729003906e+00
3.715565204620361328e+00
3.714336395263671875e+00
3.743026971817016602e+00
3.742153644561767578e+00
3.721626520156860352e+00
3.703959465026855469e+00
3.656703948974609375e+00
3.635122060775756836e+00
3.656378746032714844e+00
3.653889656066894531e+00
3.626948118209838867e+00
3.617739915847778320e+00
3.717425823211669922e+00
3.708455085754394531e+00
3.804600238800048828e+00
3.728950023651123047e+00
3.674552917480468750e+00
3.707814931869506836e+00
3.788342475891113281e+00
3.770705938339233398e+00
3.683541536331176758e+00
3.779604196548461914e+00
3.791212797164916992e+00
3.733534336090087891e+00
3.733963966369628906e+00
3.775450229644775391e+00
3.785928964614868164e+00
3.783805370330810547e+00
3.789474964141845703e+00
3.766784191131591797e+00
3.730338573455810547e+00
3.699757099151611328e+00
3.776400566101074219e+00
3.796140909194946289e+00
3.723623991012573242e+00
3.756335020065307617e+00
3.787223815917968750e+00
3.788900375366210938e+00
3.774211883544921875e+00
3.737601518630981445e+00
3.734163999557495117e+00
3.738497734069824219e+00
3.759771108627319336e+00
3.722141504287719727e+00
3.697146177291870117e+00
3.687160491943359375e+00
3.688719987869262695e+00
3.703768491744995117e+00
3.728674888610839844e+00
3.685067415237426758e+00
3.642485618591308594e+00
3.643888235092163086e+00
3.641452789306640625e+00
3.599867343902587891e+00
3.743913173675537109e+00
3.767191886901855469e+00
3.744021892547607422e+00
3.760020971298217773e+00
3.748500347137451172e+00
3.749921798706054688e+00
3.742740869522094727e+00
3.788479804992675781e+00
3.802022933959960938e+00
3.768187522888183594e+00
3.756175994873046875e+00
3.766536235809326172e+00
3.800354719161987305e+00
3.801715373992919922e+00
3.734947204589843750e+00
3.761485099792480469e+00
3.778751373291015625e+00
3.783778429031372070e+00
3.772134780883789062e+00
3.793220996856689453e+00
3.775037288665771484e+00
3.703268527984619141e+00
3.782667160034179688e+00
3.748799800872802734e+00
3.709491491317749023e+00
3.736332893371582031e+00
3.777505397796630859e+00
3.765674114227294922e+00
3.746262311935424805e+00
3.756248950958251953e+00
3.729826927185058594e+00
3.734082460403442383e+00
3.747466325759887695e+00
3.726506948471069336e+00
3.683336019515991211e+00
3.667313098907470703e+00
3.634038925170898438e+00
3.648045539855957031e+00
3.687417030334472656e+00
3.681936979293823242e+00
3.639790058135986328e+00
3.624661207199096680e+00
3.613755702972412109e+00
3.680638790130615234e+00
3.717607021331787109e+00
3.747172117233276367e+00
3.747318506240844727e+00
3.750219583511352539e+00
3.731496572494506836e+00
3.742175817489624023e+00
3.720732212066650391e+00
3.758094787597656250e+00
3.769268274307250977e+00
3.824892759323120117e+00
3.784332036972045898e+00
3.742045402526855469e+00
3.779557228088378906e+00
3.800780534744262695e+00
3.753624439239501953e+00
3.754245996475219727e+00
3.780498981475830078e+00
3.792785167694091797e+00
3.764653205871582031e+00
3.766955375671386719e+00
3.754347324371337891e+00
3.744484663009643555e+00
3.773113727569580078e+00
3.752003431320190430e+00
3.768929958343505859e+00
3.775281190872192383e+00
3.754363059997558594e+00
3.767426252365112305e+00
3.778484582901000977e+00
3.746598243713378906e+00
3.728192329406738281e+00
3.723148107528686523e+00
3.722319602966308594e+00
3.716759681701660156e+00
3.715318679809570312e+00
3.693124532699584961e+00
3.619631767272949219e+00
3.595880508422851562e+00
3.633756399154663086e+00
3.650359392166137695e+00
3.616558551788330078e+00
3.606954097747802734e+00
3.741343975067138672e+00
3.711103439331054688e+00
3.720911741256713867e+00
3.697363615036010742e+00
3.777970552444458008e+00
3.762375593185424805e+00
3.731535434722900391e+00
3.736857175827026367e+00
3.753339052200317383e+00
3.757534265518188477e+00
3.775819301605224609e+00
3.760159015655517578e+00
3.776926279067993164e+00
3.754173755645751953e+00
3.769930601119995117e+00
3.761116504669189453e+00
3.706907510757446289e+00
3.797634840011596680e+00
3.813002586364746094e+00
3.792477130889892578e+00
3.748845577239990234e+00
3.772588014602661133e+00
3.774497509002685547e+00
3.748727321624755859e+00
3.737906455993652344e+00
3.729027748107910156e+00
3.754351377487182617e+00
3.768375635147094727e+00
3.729925394058227539e+00
3.747131586074829102e+00
3.785205602645874023e+00
3.752315521240234375e+00
3.737449407577514648e+00
3.691192388534545898e+00
3.683381557464599609e+00
3.696067333221435547e+00
3.696402311325073242e+00
3.688230752944946289e+00
3.651925086975097656e+00
3.603452444076538086e+00
3.603929042816162109e+00
3.611152410507202148e+00
3.590935468673706055e+00
3.696495532989501953e+00
3.707677125930786133e+00
3.713659286499023438e+00
3.745154380798339844e+00
3.741066932678222656e+00
3.758761882781982422e+00
3.764608860015869141e+00
3.775860071182250977e+00
3.743689775466918945e+00
3.757983922958374023e+00
3.789211750030517578e+00
3.781501531600952148e+00
3.721063137054443359e+00
3.756018161773681641e+00
3.770854473114013672e+00
3.790857315063476562e+00
3.769069671630859375e+00
3.736881256103515625e+00
3.721420288085937500e+00
3.774537086486816406e+00
3.751914024353027344e+00
3.724090337753295898e+00
3.733205795288085938e+00
3.753829717636108398e+00
3.742299318313598633e+00
3.735751152038574219e+00
3.712175607681274414e+00
3.770205259323120117e+00
3.760034084320068359e+00
3.721440792083740234e+00
3.725835561752319336e+00
3.738306045532226562e+00
3.719516515731811523e+00
3.716881990432739258e+00
3.697866678237915039e+00
3.692242383956909180e+00
3.652397155761718750e+00
3.647463560104370117e+00
3.668484687805175781e+00
3.666777372360229492e+00
3.631261110305786133e+00
3.599701642990112305e+00
3.579200744628906250e+00
3.701342821121215820e+00
3.707631826400756836e+00
3.725379467010498047e+00
3.754289388656616211e+00
3.741328954696655273e+00
3.712741613388061523e+00
3.745110988616943359e+00
3.772162914276123047e+00
3.727912425994873047e+00
3.781117439270019531e+00
3.789486169815063477e+00
3.760473966598510742e+00
3.738964080810546875e+00
3.720237731933593750e+00
3.744511127471923828e+00
3.766363382339477539e+00
3.792253494262695312e+00
3.704083442687988281e+00
3.735154628753662109e+00
3.821436643600463867e+00
3.767313957214355469e+00
3.708832740783691406e+00
3.718402385711669922e+00
3.718415498733520508e+00
3.734583139419555664e+00
3.743378162384033203e+00
3.737674236297607422e+00
3.751628637313842773e+00
3.759225368499755859e+00
3.710934400558471680e+00
3.711678504943847656e+00
3.707265377044677734e+00
3.699738264083862305e+00
3.693626403808593750e+00
3.680284976959228516e+00
3.699401140213012695e+00
3.669483900070190430e+00
3.629168987274169922e+00
3.619596481323242188e+00
3.640573740005493164e+00
3.630813598632812500e+00
3.613708972930908203e+00
3.695744037628173828e+00
3.726670503616333008e+00
3.709123134613037109e+00
3.741526603698730469e+00
3.769514799118041992e+00
3.710705280303955078e+00
3.746398687362670898e+00
3.729938507080078125e+00
3.763850450515747070e+00
3.764619112014770508e+00
3.728264808654785156e+00
3.766323328018188477e+00
3.756827116012573242e+00
3.739713430404663086e+00
3.746095657348632812e+00
3.714792728424072266e+00
3.755641937255859375e+00
3.708711862564086914e+00
3.730143547058105469e+00
3.788442850112915039e+00
3.785383462905883789e+00
3.751760482788085938e+00
3.727347373962402344e+00
3.763869762420654297e+00
3.761970520019531250e+00
3.755709886550903320e+00
3.754398584365844727e+00
3.710219860076904297e+00
3.727823019027709961e+00
3.709864616394042969e+00
3.682605266571044922e+00
3.698862552642822266e+00
3.705353975296020508e+00
3.668012142181396484e+00
3.659972667694091797e+00
3.676797389984130859e+00
3.673498630523681641e+00
3.624416589736938477e+00
3.591798067092895508e+00
3.577162265777587891e+00
3.578887939453125000e+00
3.697286844253540039e+00
3.688344717025756836e+00
3.726352214813232422e+00
3.687163352966308594e+00
3.749727249145507812e+00
3.777080297470092773e+00
3.757997274398803711e+00
3.740970373153686523e+00
3.719932556152343750e+00
3.768284559249877930e+00
3.760214805603027344e+00
3.735813379287719727e+00
3.753391981124877930e+00
3.785820960998535156e+00
3.775052309036254883e+00
3.723645925521850586e+00
3.723076820373535156e+00
3.766069650650024414e+00
3.730634450912475586e+00
3.720505475997924805e+00
3.732682466506958008e+00
3.766007184982299805e+00
3.725128173828125000e+00
3.726576328277587891e+00
3.738845586776733398e+00
3.733167409896850586e+00
3.735598087310791016e+00
3.727518796920776367e+00
3.708050251007080078e+00
3.710179328918457031e+00
3.696508407592773438e+00
3.690227508544921875e+00
3.680661678314208984e+00
3.687189102172851562e+00
3.666075468063354492e+00
3.638278961181640625e+00
3.647037267684936523e+00
3.641061782836914062e+00
3.639398097991943359e+00
3.596716880798339844e+00
3.700764656066894531e+00
3.734980106353759766e+00
3.715586185455322266e+00
3.692444562911987305e+00
3.681843042373657227e+00
3.716423511505126953e+00
3.769731044769287109e+00
3.732293128967285156e+00
3.787552356719970703e+00
3.764166355133056641e+00
3.746138095855712891e+00
3.719519138336181641e+00
3.734031438827514648e+00
3.759482145309448242e+00
3.750977754592895508e+00
3.761904239654541016e+00
3.742455244064331055e+00
3.734848737716674805e+00
3.733224868774414062e+00
3.728845119476318359e+00
3.742241144180297852e+00
3.774551630020141602e+00
3.781412601470947266e+00
3.718370199203491211e+00
3.718764781951904297e+00
3.717556953430175781e+00
3.719031095504760742e+00
3.728376626968383789e+00
3.719766855239868164e+00
3.717131376266479492e+00
3.716832160949707031e+00
3.681862831115722656e+00
3.653009653091430664e+00
3.680710792541503906e+00
3.674760341644287109e+00
3.629510879516601562e+00
3.597711086273193359e+00
3.592236042022705078e+00
3.712126255035400391e+00
3.727297782897949219e+00
3.742841243743896484e+00
3.684103012084960938e+00
3.701343536376953125e+00
3.736171722412109375e+00
3.760091304779052734e+00
3.728058815002441406e+00
3.733638525009155273e+00
3.746896505355834961e+00
3.758679628372192383e+00
3.770668506622314453e+00
3.741532087326049805e+00
3.745004653930664062e+00
3.782437324523925781e+00
3.745907783508300781e+00
3.738882064819335938e+00
3.719551324844360352e+00
3.742813825607299805e+00
3.743649005889892578e+00
3.714219570159912109e+00
3.740038394927978516e+00
3.771302223205566406e+00
3.746289491653442383e+00
3.740974426269531250e+00
3.700752258300781250e+00
3.672254323959350586e+00
3.681769371032714844e+00
3.690031528472900391e+00
3.697743415832519531e+00
3.702863931655883789e+00
3.672299623489379883e+00
3.654740810394287109e+00
3.663646459579467773e+00
3.653895854949951172e+00
3.688175439834594727e+00
3.701512098312377930e+00
3.713386535644531250e+00
3.734872817993164062e+00
3.704198360443115234e+00
3.708838939666748047e+00
3.743138551712036133e+00
3.715540170669555664e+00
3.714180469512939453e+00
3.727899312973022461e+00
3.723743915557861328e+00
3.730166912078857422e+00
3.747016429901123047e+00
3.724406957626342773e+00
3.750880002975463867e+00
3.738366127014160156e+00
3.779913663864135742e+00
3.750565767288208008e+00
3.713494300842285156e+00
3.729349613189697266e+00
3.753962516784667969e+00
3.724441528320312500e+00
3.692615509033203125e+00
3.725284814834594727e+00
3.729964017868041992e+00
3.720454216003417969e+00
3.721909523010253906e+00
3.702172756195068359e+00
3.664093732833862305e+00
3.652704954147338867e+00
3.674124717712402344e+00
3.674447059631347656e+00
3.670147418975830078e+00
3.642557382583618164e+00
3.722517013549804688e+00
3.699374914169311523e+00
3.707119703292846680e+00
3.742251634597778320e+00
3.703588485717773438e+00
3.746872901916503906e+00
3.790496587753295898e+00
3.729027986526489258e+00
3.687278032302856445e+00
3.728818893432617188e+00
3.725979804992675781e+00
3.727584838867187500e+00
3.718669891357421875e+00
3.746511936187744141e+00
3.712387323379516602e+00
3.733716726303100586e+00
3.760115623474121094e+00
3.755651473999023438e+00
3.738658189773559570e+00
3.701848745346069336e+00
3.745929479598999023e+00
3.728043079376220703e+00
3.704749584197998047e+00
3.695433855056762695e+00
3.703772544860839844e+00
3.690292835235595703e+00
3.705503940582275391e+00
3.705473899841308594e+00
3.669100761413574219e+00
3.654373884201049805e+00
3.656993150711059570e+00
3.655821084976196289e+00
3.702980995178222656e+00
3.665600538253784180e+00
3.694652557373046875e+00
3.750596046447753906e+00
3.719757795333862305e+00
3.743020772933959961e+00
3.698027849197387695e+00
3.721439123153686523e+00
3.698882341384887695e+00
3.739620447158813477e+00
3.734678745269775391e+00
3.731409311294555664e+00
3.743362665176391602e+00
3.764718532562255859e+00
3.718405961990356445e+00
3.742994308471679688e+00
3.717006444931030273e+00
3.755045890808105469e+00
3.732992887496948242e+00
3.692057132720947266e+00
3.692728996276855469e+00
3.710311174392700195e+00
3.700568914413452148e+00
3.668534517288208008e+00
3.675717115402221680e+00
3.667549133300781250e+00
3.657922029495239258e+00
3.673817396163940430e+00
3.657090902328491211e+00
3.630672216415405273e+00
3.694869518280029297e+00
3.714720726013183594e+00
3.702785968780517578e+00
3.708630084991455078e+00
3.795950412750244141e+00
3.728286981582641602e+00
3.751834154129028320e+00
3.735872268676757812e+00
3.710903644561767578e+00
3.655114650726318359e+00
3.722552061080932617e+00
3.763592004776000977e+00
3.713237524032592773e+00
3.726024866104125977e+00
3.756268024444580078e+00
3.730737209320068359e+00
3.738089323043823242e+00
3.701350212097167969e+00
3.701297521591186523e+00
3.727840185165405273e+00
3.694218397140502930e+00
3.665298461914062500e+00
3.684400558471679688e+00
3.697695255279541016e+00
3.672224283218383789e+00
3.662864446640014648e+00
3.653454542160034180e+00
3.628881454467773438e+00
3.621930122375488281e+00
3.711259126663208008e+00
3.723926067352294922e+00
3.660038948059082031e+00
3.752554655075073242e+00
3.742020130157470703e+00
3.695982217788696289e+00
3.725734233856201172e+00
3.735736370086669922e+00
3.703221559524536133e+00
3.680527210235595703e+00
3.745385646820068359e+00
3.761883974075317383e+00
3.693175554275512695e+00
3.698970079421997070e+00
3.732758283615112305e+00
3.706442117691040039e+00
3.747405052185058594e+00
3.715949535369873047e+00
3.705725908279418945e+00
3.712355852127075195e+00
3.693095922470092773e+00
3.646575212478637695e+00
3.668730735778808594e+00
3.685301780700683594e+00
3.659964561462402344e+00
3.645026445388793945e+00
3.650114059448242188e+00
3.707569599151611328e+00
3.681993961334228516e+00
3.686924695968627930e+00
3.737177848815917969e+00
3.747865438461303711e+00
3.678046226501464844e+00
3.750258445739746094e+00
3.752203702926635742e+00
3.712874412536621094e+00
3.662959814071655273e+00
3.741384506225585938e+00
3.774510383605957031e+00
3.734567642211914062e+00
3.710023164749145508e+00
3.697851419448852539e+00
3.681962728500366211e+00
3.734640359878540039e+00
3.708889484405517578e+00
3.703527450561523438e+00
3.691030740737915039e+00
3.696418285369873047e+00
3.650671005249023438e+00
3.638137102127075195e+00
3.658940553665161133e+00
3.703716993331909180e+00
3.763648509979248047e+00
3.688658714294433594e+00
3.693134307861328125e+00
3.750795125961303711e+00
3.678670167922973633e+00
3.718766212463378906e+00
3.753980398178100586e+00
3.720070600509643555e+00
3.708549976348876953e+00
3.729721069335937500e+00
3.746161937713623047e+00
3.728998661041259766e+00
3.693121671676635742e+00
3.690696001052856445e+00
3.675475120544433594e+00
3.709145784378051758e+00
3.679369449615478516e+00
3.674270153045654297e+00
3.678437709808349609e+00
3.672036170959472656e+00
3.656274080276489258e+00
3.730404853820800781e+00
3.762816429138183594e+00
3.665174961090087891e+00
3.696083307266235352e+00
3.723938465118408203e+00
3.688020229339599609e+00
3.710397243499755859e+00
3.736364841461181641e+00
3.716842889785766602e+00
3.707699060440063477e+00
3.711236715316772461e+00
3.732521057128906250e+00
3.702525854110717773e+00
3.671266078948974609e+00
3.684682130813598633e+00
3.689779758453369141e+00
3.685202121734619141e+00
3.656854867935180664e+00
3.647869825363159180e+00
3.645607471466064453e+00
3.662960529327392578e+00
3.706001520156860352e+00
3.728440523147583008e+00
3.704471826553344727e+00
3.698459386825561523e+00
3.733092784881591797e+00
3.697036266326904297e+00
3.708060026168823242e+00
3.679330587387084961e+00
3.705581903457641602e+00
3.688389778137207031e+00
3.664173841476440430e+00
3.669582366943359375e+00
3.666961669921875000e+00
3.666363954544067383e+00
3.644828557968139648e+00
3.733293533325195312e+00
3.706342458724975586e+00
3.681139469146728516e+00
3.707069635391235352e+00
3.684362649917602539e+00
3.698738813400268555e+00
3.659115552902221680e+00
3.687687873840332031e+00
3.678645133972167969e+00
3.657626152038574219e+00
3.656192064285278320e+00
3.651906251907348633e+00
3.678117752075195312e+00
3.685319185256958008e+00
3.688332319259643555e+00
3.684433698654174805e+00
3.662152290344238281e+00
3.672458887100219727e+00
3.658437967300415039e+00
3.648329973220825195e+00
3.716332197189331055e+00
3.664776325225830078e+00
3.653847694396972656e+00
