3.627753019332885742e+00
3.621615648269653320e+00
3.701893329620361328e+00
3.666292190551757812e+00
3.628117084503173828e+00
3.592520713806152344e+00
3.606462955474853516e+00
3.682563304901123047e+00
3.678285121917724609e+00
3.636366128921508789e+00
3.628047704696655273e+00
3.642725706100463867e+00
3.637622117996215820e+00
3.689643144607543945e+00
3.698430061340332031e+00
3.595349073410034180e+00
3.650423526763916016e+00
3.685616731643676758e+00
3.663217306137084961e+00
3.638540029525756836e+00
3.616571664810180664e+00
3.602928400039672852e+00
3.582769870758056641e+00
3.608019828796386719e+00
3.630843400955200195e+00
3.679400205612182617e+00
3.622852802276611328e+00
3.628558158874511719e+00
3.602485656738281250e+00
3.612280130386352539e+00
3.659588098526000977e+00
3.670192718505859375e+00
3.629814863204956055e+00
3.636315822601318359e+00
3.612770318984985352e+00
3.686089277267456055e+00
3.674505233764648438e+00
3.626414299011230469e+00
3.620546579360961914e+00
3.641951084136962891e+00
3.683706998825073242e+00
3.654656887054443359e+00
3.611642599105834961e+00
3.567383289337158203e+00
3.581065177917480469e+00
3.598860740661621094e+00
3.625142574310302734e+00
3.611551284790039062e+00
3.632169008255004883e+00
3.608915805816650391e+00
3.598194599151611328e+00
3.598731756210327148e+00
3.625648021697998047e+00
3.655029296875000000e+00
3.611830472946166992e+00
3.624982833862304688e+00
3.632008075714111328e+00
3.623904466629028320e+00
3.667474746704101562e+00
3.642777442932128906e+00
3.654570817947387695e+00
3.625686407089233398e+00
3.620907545089721680e+00
3.606291770935058594e+00
3.642023801803588867e+00
3.656245470046997070e+00
3.612302303314208984e+00
3.653270244598388672e+00
3.689713478088378906e+00
3.715373754501342773e+00
3.648610353469848633e+00
3.644572257995605469e+00
3.616600275039672852e+00
3.605430841445922852e+00
3.640528202056884766e+00
3.624202489852905273e+00
3.607542991638183594e+00
3.561253547668457031e+00
3.609359502792358398e+00
3.632880210876464844e+00
3.624700307846069336e+00
3.591857671737670898e+00
3.626182079315185547e+00
3.634254217147827148e+00
3.589910268783569336e+00
3.680472850799560547e+00
3.660523653030395508e+00
3.579428434371948242e+00
3.588183641433715820e+00
3.591761589050292969e+00
3.628795862197875977e+00
3.657517433166503906e+00
3.604555845260620117e+00
3.633378744125366211e+00
3.695815563201904297e+00
3.651075839996337891e+00
3.613731861114501953e+00
3.641077280044555664e+00
3.665175914764404297e+00
3.645797729492187500e+00
3.663420200347900391e+00
3.632661819458007812e+00
3.710534095764160156e+00
3.698522329330444336e+00
3.589058876037597656e+00
3.622344970703125000e+00
3.629141807556152344e+00
3.594832420349121094e+00
3.654476642608642578e+00
3.631452560424804688e+00
3.593316555023193359e+00
3.580937623977661133e+00
3.551417112350463867e+00
3.608738183975219727e+00
3.580335855484008789e+00
3.588690996170043945e+00
3.616746664047241211e+00
3.595534801483154297e+00
3.620819330215454102e+00
3.587997198104858398e+00
3.536617517471313477e+00
3.594820499420166016e+00
3.654557943344116211e+00
3.652496337890625000e+00
3.627431154251098633e+00
3.611630439758300781e+00
3.570071220397949219e+00
3.609970092773437500e+00
3.604351043701171875e+00
3.586894989013671875e+00
3.644643306732177734e+00
3.658401966094970703e+00
3.614261388778686523e+00
3.639803171157836914e+00
3.642467975616455078e+00
3.623841762542724609e+00
3.640924453735351562e+00
3.606754779815673828e+00
3.643096923828125000e+00
3.732941150665283203e+00
3.679430961608886719e+00
3.646303892135620117e+00
3.644327402114868164e+00
3.647404670715332031e+00
3.548223495483398438e+00
3.582615852355957031e+00
3.614296436309814453e+00
3.630084514617919922e+00
3.635671377182006836e+00
3.598090171813964844e+00
3.637024641036987305e+00
3.626410245895385742e+00
3.607510566711425781e+00
3.543053627014160156e+00
3.563919067382812500e+00
3.573836326599121094e+00
3.574982166290283203e+00
3.611527681350708008e+00
3.621150732040405273e+00
3.612282037734985352e+00
3.606515884399414062e+00
3.588443279266357422e+00
3.583876609802246094e+00
3.619993925094604492e+00
3.643059253692626953e+00
3.636632919311523438e+00
3.611564636230468750e+00
3.605075836181640625e+00
3.601568698883056641e+00
3.577866792678833008e+00
3.607279777526855469e+00
3.634122610092163086e+00
3.607654094696044922e+00
3.598938226699829102e+00
3.615723609924316406e+00
3.628251552581787109e+00
3.654681444168090820e+00
3.645134449005126953e+00
3.624834060668945312e+00
3.662226438522338867e+00
3.713361978530883789e+00
3.674611806869506836e+00
3.666967153549194336e+00
3.689429283142089844e+00
3.692988395690917969e+00
3.708026647567749023e+00
3.603348016738891602e+00
3.568825960159301758e+00
3.569825649261474609e+00
3.584704399108886719e+00
3.540223121643066406e+00
3.584480285644531250e+00
3.643941640853881836e+00
3.556851625442504883e+00
3.560382127761840820e+00
3.586280584335327148e+00
3.560120820999145508e+00
3.555103063583374023e+00
3.551344394683837891e+00
3.564873933792114258e+00
3.555066585540771484e+00
3.616169929504394531e+00
3.569283008575439453e+00
3.629011631011962891e+00
3.613667488098144531e+00
3.589867115020751953e+00
3.598867177963256836e+00
3.633152961730957031e+00
3.619320392608642578e+00
3.587924242019653320e+00
3.614074945449829102e+00
3.654147863388061523e+00
3.616791725158691406e+00
3.572737455368041992e+00
3.615391254425048828e+00
3.610953569412231445e+00
3.603114128112792969e+00
3.605315923690795898e+00
3.578188419342041016e+00
3.621275424957275391e+00
3.657009124755859375e+00
3.649033546447753906e+00
3.664876461029052734e+00
3.554322481155395508e+00
3.664237260818481445e+00
3.628142595291137695e+00
3.695931911468505859e+00
3.678622722625732422e+00
3.610739707946777344e+00
3.616771697998046875e+00
3.540498971939086914e+00
3.569266796112060547e+00
3.566370725631713867e+00
3.559848308563232422e+00
3.629822969436645508e+00
3.598197937011718750e+00
3.566304922103881836e+00
3.522900104522705078e+00
3.643980264663696289e+00
3.576187849044799805e+00
3.555543899536132812e+00
3.552022218704223633e+00
3.579059362411499023e+00
3.553063869476318359e+00
3.588492393493652344e+00
3.581837177276611328e+00
3.570334196090698242e+00
3.571792840957641602e+00
3.544552564620971680e+00
3.585708379745483398e+00
3.610686302185058594e+00
3.609025955200195312e+00
3.597618103027343750e+00
3.598299980163574219e+00
3.613940715789794922e+00
3.607316017150878906e+00
3.599246978759765625e+00
3.629401683807373047e+00
3.609454154968261719e+00
3.592354774475097656e+00
3.565325021743774414e+00
3.624157190322875977e+00
3.606037139892578125e+00
3.563419580459594727e+00
3.564622402191162109e+00
3.620830535888671875e+00
3.598151206970214844e+00
3.689522981643676758e+00
3.626463413238525391e+00
3.585196495056152344e+00
3.602985620498657227e+00
3.612171173095703125e+00
3.657494783401489258e+00
3.688123226165771484e+00
3.609748840332031250e+00
3.594354629516601562e+00
3.556649684906005859e+00
3.579479455947875977e+00
3.659726619720458984e+00
3.631669998168945312e+00
3.606597185134887695e+00
3.568436622619628906e+00
3.528866052627563477e+00
3.598543643951416016e+00
3.643638610839843750e+00
3.557414054870605469e+00
3.519414901733398438e+00
3.610561847686767578e+00
3.586968898773193359e+00
3.579080820083618164e+00
3.543849229812622070e+00
3.604871273040771484e+00
3.569422006607055664e+00
3.585312366485595703e+00
3.613175392150878906e+00
3.607256174087524414e+00
3.597604036331176758e+00
3.555634498596191406e+00
3.588033914566040039e+00
3.601074934005737305e+00
3.593024730682373047e+00
3.619115352630615234e+00
3.573448657989501953e+00
3.639447212219238281e+00
3.576340913772583008e+00
3.580649137496948242e+00
3.622987985610961914e+00
3.653482198715209961e+00
3.679330825805664062e+00
3.641517400741577148e+00
3.649336099624633789e+00
3.654740810394287109e+00
3.584392786026000977e+00
3.560725927352905273e+00
3.652284383773803711e+00
3.687170267105102539e+00
3.676926851272583008e+00
3.667448520660400391e+00
3.645316600799560547e+00
3.613607406616210938e+00
3.611072301864624023e+00
3.691057920455932617e+00
3.661005973815917969e+00
3.665484905242919922e+00
3.662090778350830078e+00
3.690630674362182617e+00
3.599963665008544922e+00
3.591362476348876953e+00
3.613194942474365234e+00
3.577206611633300781e+00
3.606339216232299805e+00
3.619331359863281250e+00
3.593652248382568359e+00
3.556652784347534180e+00
3.544512748718261719e+00
3.542358160018920898e+00
3.568875074386596680e+00
3.586175441741943359e+00
3.493643522262573242e+00
3.530649185180664062e+00
3.565944433212280273e+00
3.575586318969726562e+00
3.527747392654418945e+00
3.565436124801635742e+00
3.583000421524047852e+00
3.578913211822509766e+00
3.581346988677978516e+00
3.594209909439086914e+00
3.604534387588500977e+00
3.556060552597045898e+00
3.569252014160156250e+00
3.585930347442626953e+00
3.606941223144531250e+00
3.580483675003051758e+00
3.585102081298828125e+00
3.635409355163574219e+00
3.632739067077636719e+00
3.615619182586669922e+00
3.593629598617553711e+00
3.629543304443359375e+00
3.648422479629516602e+00
3.577206611633300781e+00
3.628702640533447266e+00
3.676445722579956055e+00
3.604744911193847656e+00
3.605010271072387695e+00
3.617048025131225586e+00
3.575237035751342773e+00
3.604480981826782227e+00
3.645142078399658203e+00
3.682436466217041016e+00
3.647667169570922852e+00
3.618793010711669922e+00
3.707380294799804688e+00
3.695147037506103516e+00
3.652332305908203125e+00
3.663516998291015625e+00
3.667932033538818359e+00
3.625452995300292969e+00
3.627231121063232422e+00
3.574089765548706055e+00
3.617279052734375000e+00
3.620510101318359375e+00
3.583161354064941406e+00
3.602151870727539062e+00
3.580807447433471680e+00
3.588506937026977539e+00
3.593759059906005859e+00
3.585515975952148438e+00
3.540943384170532227e+00
3.560414552688598633e+00
3.547044992446899414e+00
3.533929824829101562e+00
3.545365810394287109e+00
3.549020767211914062e+00
3.614064216613769531e+00
3.575224876403808594e+00
3.607495069503784180e+00
3.586518764495849609e+00
3.607542037963867188e+00
3.560621023178100586e+00
3.574172019958496094e+00
3.602021694183349609e+00
3.587867736816406250e+00
3.591078281402587891e+00
3.586416244506835938e+00
3.609858274459838867e+00
3.595248222351074219e+00
3.540633678436279297e+00
3.607062578201293945e+00
3.614995002746582031e+00
3.608120918273925781e+00
3.580590009689331055e+00
3.642125606536865234e+00
3.651868343353271484e+00
3.608820438385009766e+00
3.657670974731445312e+00
3.712286472320556641e+00
3.641288995742797852e+00
3.619284629821777344e+00
3.615409374237060547e+00
3.572749614715576172e+00
3.637315988540649414e+00
3.637757778167724609e+00
3.653501510620117188e+00
3.623724460601806641e+00
3.649883985519409180e+00
3.652492284774780273e+00
3.686194896697998047e+00
3.687794685363769531e+00
3.705792665481567383e+00
3.723106622695922852e+00
3.529822826385498047e+00
3.577112436294555664e+00
3.641831159591674805e+00
3.607837200164794922e+00
3.542107820510864258e+00
3.587310314178466797e+00
3.625759840011596680e+00
3.618900775909423828e+00
3.631920814514160156e+00
3.570881843566894531e+00
3.587294578552246094e+00
3.601027488708496094e+00
3.586148500442504883e+00
3.553169012069702148e+00
3.538645744323730469e+00
3.527106523513793945e+00
3.540299892425537109e+00
3.501814842224121094e+00
3.555515766143798828e+00
3.570731639862060547e+00
3.577312946319580078e+00
3.567052125930786133e+00
3.562949895858764648e+00
3.607801675796508789e+00
3.594964027404785156e+00
3.572760581970214844e+00
3.587596654891967773e+00
3.583234548568725586e+00
3.586138010025024414e+00
3.601751804351806641e+00
3.616173028945922852e+00
3.595381736755371094e+00
3.597287654876708984e+00
3.603069305419921875e+00
3.597140789031982422e+00
3.613490104675292969e+00
3.548304319381713867e+00
3.613896369934082031e+00
3.680401563644409180e+00
3.630939722061157227e+00
3.588255167007446289e+00
3.671116113662719727e+00
3.676331520080566406e+00
3.591801881790161133e+00
3.629477024078369141e+00
3.608476161956787109e+00
3.613987445831298828e+00
3.607532262802124023e+00
3.668720960617065430e+00
3.656611204147338867e+00
3.609147548675537109e+00
3.647004604339599609e+00
3.675526380538940430e+00
3.670006990432739258e+00
3.703306674957275391e+00
3.703518152236938477e+00
3.573576688766479492e+00
3.542961597442626953e+00
3.561953067779541016e+00
3.533188819885253906e+00
3.635264396667480469e+00
3.602519750595092773e+00
3.550750732421875000e+00
3.549084186553955078e+00
3.582703351974487305e+00
3.647232294082641602e+00
3.553436279296875000e+00
3.593555212020874023e+00
3.552864313125610352e+00
3.567865133285522461e+00
3.554539442062377930e+00
3.532636880874633789e+00
3.554070711135864258e+00
3.558613777160644531e+00
3.547865867614746094e+00
3.534478187561035156e+00
3.586232185363769531e+00
3.578572273254394531e+00
3.570960044860839844e+00
3.562293291091918945e+00
3.567087173461914062e+00
3.610475301742553711e+00
3.563905954360961914e+00
3.558064460754394531e+00
3.548539400100708008e+00
3.587557077407836914e+00
3.592537164688110352e+00
3.583724498748779297e+00
3.599370002746582031e+00
3.608357667922973633e+00
3.625287771224975586e+00
3.589841365814208984e+00
3.624514818191528320e+00
3.638182163238525391e+00
3.583541870117187500e+00
3.579161405563354492e+00
3.613934516906738281e+00
3.638328552246093750e+00
3.582415342330932617e+00
3.688188552856445312e+00
3.630828142166137695e+00
3.646170616149902344e+00
3.633131742477416992e+00
3.640122890472412109e+00
3.602147102355957031e+00
3.583235025405883789e+00
3.625556707382202148e+00
3.644091129302978516e+00
3.629459857940673828e+00
3.667663574218750000e+00
3.685554981231689453e+00
3.649891853332519531e+00
3.679711341857910156e+00
3.690803527832031250e+00
3.606710195541381836e+00
3.542187690734863281e+00
3.555646419525146484e+00
3.611335992813110352e+00
3.586152553558349609e+00
3.562106609344482422e+00
3.605398416519165039e+00
3.590465068817138672e+00
3.528296470642089844e+00
3.555369615554809570e+00
3.586173534393310547e+00
3.549901247024536133e+00
3.586797952651977539e+00
3.537935018539428711e+00
3.597063302993774414e+00
3.575990915298461914e+00
3.523758888244628906e+00
3.561276674270629883e+00
3.589056491851806641e+00
3.559633731842041016e+00
3.564651250839233398e+00
3.545052289962768555e+00
3.571823835372924805e+00
3.547376632690429688e+00
3.561774730682373047e+00
3.610713481903076172e+00
3.571959257125854492e+00
3.574578762054443359e+00
3.625147342681884766e+00
3.559329032897949219e+00
3.614353418350219727e+00
3.591766119003295898e+00
3.607840061187744141e+00
3.574439287185668945e+00
3.576969385147094727e+00
3.612739562988281250e+00
3.606265783309936523e+00
3.624757528305053711e+00
3.625458240509033203e+00
3.608083486557006836e+00
3.576681137084960938e+00
3.605475425720214844e+00
3.643787384033203125e+00
3.676712751388549805e+00
3.662570714950561523e+00
3.624704122543334961e+00
3.634354352951049805e+00
3.628436803817749023e+00
3.648929834365844727e+00
3.617519617080688477e+00
3.604961156845092773e+00
3.635281562805175781e+00
3.667215824127197266e+00
3.659628868103027344e+00
3.675463199615478516e+00
3.669576883316040039e+00
3.682350397109985352e+00
3.690596580505371094e+00
3.601191520690917969e+00
3.583152770996093750e+00
3.544826030731201172e+00
3.562906026840209961e+00
3.529607772827148438e+00
3.593070983886718750e+00
3.590467929840087891e+00
3.602148294448852539e+00
3.579947948455810547e+00
3.569503545761108398e+00
3.589606761932373047e+00
3.620010375976562500e+00
3.546601772308349609e+00
3.521324157714843750e+00
3.587501525878906250e+00
3.532142162322998047e+00
3.594908952713012695e+00
3.567057371139526367e+00
3.586362123489379883e+00
3.572186231613159180e+00
3.553453445434570312e+00
3.558425188064575195e+00
3.535336017608642578e+00
3.583009004592895508e+00
3.561760425567626953e+00
3.544983863830566406e+00
3.603909015655517578e+00
3.616197824478149414e+00
3.582215070724487305e+00
3.581922054290771484e+00
3.564197301864624023e+00
3.576021432876586914e+00
3.612889289855957031e+00
3.565838098526000977e+00
3.634417057037353516e+00
3.582542657852172852e+00
3.576559782028198242e+00
3.632233619689941406e+00
3.606904029846191406e+00
3.648249387741088867e+00
3.622154474258422852e+00
3.583154678344726562e+00
3.618466138839721680e+00
3.614821910858154297e+00
3.677337646484375000e+00
3.651183128356933594e+00
3.655054092407226562e+00
3.612848043441772461e+00
3.637182950973510742e+00
3.637434005737304688e+00
3.637895584106445312e+00
3.641994237899780273e+00
3.636750936508178711e+00
3.627532958984375000e+00
3.659590244293212891e+00
3.637205839157104492e+00
3.665133476257324219e+00
3.678629398345947266e+00
3.720468044281005859e+00
3.705786228179931641e+00
3.569233179092407227e+00
3.600270271301269531e+00
3.610659599304199219e+00
3.567488431930541992e+00
3.576449394226074219e+00
3.600732803344726562e+00
3.581884384155273438e+00
3.602783918380737305e+00
3.606142997741699219e+00
3.599426507949829102e+00
3.566794633865356445e+00
3.558806657791137695e+00
3.555152177810668945e+00
3.587590217590332031e+00
3.516991138458251953e+00
3.538320779800415039e+00
3.534125089645385742e+00
3.587171077728271484e+00
3.577863454818725586e+00
3.587294816970825195e+00
3.581207752227783203e+00
3.531774044036865234e+00
3.552786588668823242e+00
3.531543493270874023e+00
3.534047842025756836e+00
3.579413175582885742e+00
3.540527343750000000e+00
3.525607824325561523e+00
3.576314449310302734e+00
3.620487451553344727e+00
3.587526559829711914e+00
3.576033353805541992e+00
3.543653726577758789e+00
3.558970689773559570e+00
3.580340147018432617e+00
3.537841081619262695e+00
3.621353864669799805e+00
3.586966991424560547e+00
3.570757389068603516e+00
3.612524986267089844e+00
3.628793716430664062e+00
3.675190448760986328e+00
3.585900068283081055e+00
3.580386638641357422e+00
3.636929273605346680e+00
3.652352809906005859e+00
3.646918058395385742e+00
3.655836582183837891e+00
3.637088060379028320e+00
3.590936183929443359e+00
3.635071754455566406e+00
3.628621339797973633e+00
3.615616559982299805e+00
3.627310276031494141e+00
3.616893291473388672e+00
3.619983673095703125e+00
3.651983022689819336e+00
3.636513710021972656e+00
3.669929027557373047e+00
3.672636985778808594e+00
3.715765714645385742e+00
3.704064607620239258e+00
3.557731151580810547e+00
3.613495826721191406e+00
3.610702753067016602e+00
3.657280445098876953e+00
3.596547603607177734e+00
3.607098817825317383e+00
3.613758563995361328e+00
3.597345829010009766e+00
3.575354576110839844e+00
3.609462738037109375e+00
3.676762342453002930e+00
3.562834262847900391e+00
3.555132865905761719e+00
3.542981863021850586e+00
3.562391757965087891e+00
3.563794851303100586e+00
3.523619890213012695e+00
3.532870531082153320e+00
3.583712339401245117e+00
3.567746639251708984e+00
3.563591957092285156e+00
3.608130216598510742e+00
3.520391702651977539e+00
3.569872856140136719e+00
3.571793079376220703e+00
3.550719261169433594e+00
3.575007200241088867e+00
3.611286163330078125e+00
3.532000541687011719e+00
3.553339958190917969e+00
3.577836275100708008e+00
3.567079305648803711e+00
3.561553239822387695e+00
3.557637691497802734e+00
3.577322244644165039e+00
3.570964813232421875e+00
3.574368000030517578e+00
3.629683017730712891e+00
3.580869436264038086e+00
3.563488245010375977e+00
3.581832408905029297e+00
3.609049081802368164e+00
3.648806333541870117e+00
3.588011980056762695e+00
3.583984851837158203e+00
3.644522666931152344e+00
3.665484666824340820e+00
3.610097169876098633e+00
3.620521783828735352e+00
3.639413356781005859e+00
3.631519794464111328e+00
3.615175962448120117e+00
3.624782800674438477e+00
3.639060258865356445e+00
3.619974136352539062e+00
3.602746486663818359e+00
3.586762428283691406e+00
3.638842105865478516e+00
3.636305332183837891e+00
3.658133983612060547e+00
3.660329103469848633e+00
3.713479280471801758e+00
3.605313301086425781e+00
3.577673196792602539e+00
3.572838783264160156e+00
3.571897029876708984e+00
3.575297117233276367e+00
3.590210914611816406e+00
3.588391542434692383e+00
3.621318817138671875e+00
3.587358951568603516e+00
3.574976444244384766e+00
3.546538591384887695e+00
3.591765642166137695e+00
3.579879522323608398e+00
3.547019958496093750e+00
3.545513868331909180e+00
3.527321100234985352e+00
3.572681903839111328e+00
3.589933633804321289e+00
3.555435419082641602e+00
3.544080257415771484e+00
3.632616519927978516e+00
3.558986186981201172e+00
3.553440809249877930e+00
3.611416339874267578e+00
3.556560993194580078e+00
3.551244735717773438e+00
3.581899404525756836e+00
3.532296419143676758e+00
3.565554618835449219e+00
3.580834388732910156e+00
3.541434764862060547e+00
3.585715055465698242e+00
3.576700210571289062e+00
3.547717094421386719e+00
3.571925163269042969e+00
3.566974401473999023e+00
3.575759649276733398e+00
3.577227830886840820e+00
3.537953138351440430e+00
3.629852294921875000e+00
3.558619022369384766e+00
3.570731639862060547e+00
3.591313600540161133e+00
3.579589843750000000e+00
3.594023942947387695e+00
3.583002090454101562e+00
3.619726419448852539e+00
3.650139093399047852e+00
3.657445669174194336e+00
3.585697174072265625e+00
3.594255447387695312e+00
3.634167194366455078e+00
3.655057668685913086e+00
3.606763362884521484e+00
3.617120027542114258e+00
3.636795997619628906e+00
3.638971567153930664e+00
3.609049081802368164e+00
3.621490001678466797e+00
3.653567790985107422e+00
3.652909040451049805e+00
3.670280456542968750e+00
3.658991098403930664e+00
3.710276842117309570e+00
3.581440687179565430e+00
3.547449827194213867e+00
3.575569629669189453e+00
3.546576738357543945e+00
3.513997077941894531e+00
3.542475700378417969e+00
3.545354366302490234e+00
3.585835933685302734e+00
3.588817596435546875e+00
3.617034435272216797e+00
3.583351850509643555e+00
3.543957233428955078e+00
3.560382604598999023e+00
3.545263290405273438e+00
3.500508546829223633e+00
3.569993734359741211e+00
3.573616981506347656e+00
3.548570156097412109e+00
3.519314527511596680e+00
3.566000938415527344e+00
3.524842500686645508e+00
3.553531169891357422e+00
3.604674339294433594e+00
3.563748359680175781e+00
3.556933403015136719e+00
3.653745889663696289e+00
3.565844535827636719e+00
3.563106536865234375e+00
3.570991754531860352e+00
3.551062822341918945e+00
3.597559928894042969e+00
3.595733880996704102e+00
3.584503650665283203e+00
3.548835277557373047e+00
3.570200204849243164e+00
3.547790288925170898e+00
3.584012508392333984e+00
3.607961177825927734e+00
3.589705705642700195e+00
3.582355976104736328e+00
3.553887128829956055e+00
3.584241151809692383e+00
3.558443784713745117e+00
3.562089681625366211e+00
3.607519626617431641e+00
3.597730398178100586e+00
3.600511550903320312e+00
3.596696853637695312e+00
3.548187494277954102e+00
3.650186538696289062e+00
3.637678623199462891e+00
3.592136621475219727e+00
3.559748172760009766e+00
3.595277309417724609e+00
3.596913337707519531e+00
3.591468572616577148e+00
3.601445913314819336e+00
3.608515739440917969e+00
3.638207912445068359e+00
3.607691287994384766e+00
3.627412319183349609e+00
3.675239562988281250e+00
3.681644678115844727e+00
3.646858215332031250e+00
3.641855716705322266e+00
3.677487611770629883e+00
3.612051486968994141e+00
3.582039833068847656e+00
3.554615497589111328e+00
3.562257766723632812e+00
3.574032306671142578e+00
3.536118030548095703e+00
3.566783189773559570e+00
3.584416151046752930e+00
3.552562713623046875e+00
3.549536943435668945e+00
3.576994657516479492e+00
3.558037519454956055e+00
3.573692321777343750e+00
3.585780382156372070e+00
3.567308902740478516e+00
3.580703020095825195e+00
3.535830974578857422e+00
3.563357830047607422e+00
3.557507514953613281e+00
3.570867061614990234e+00
3.534780502319335938e+00
3.502994775772094727e+00
3.545916080474853516e+00
3.583932161331176758e+00
3.539660215377807617e+00
3.512584686279296875e+00
3.580729007720947266e+00
3.596914529800415039e+00
3.578469753265380859e+00
3.601356744766235352e+00
3.548950672149658203e+00
3.551818370819091797e+00
3.594137668609619141e+00
3.582412242889404297e+00
3.547607660293579102e+00
3.556352376937866211e+00
3.521230697631835938e+00
3.593580722808837891e+00
3.598096370697021484e+00
3.584309577941894531e+00
3.573668718338012695e+00
3.547408819198608398e+00
3.592813253402709961e+00
3.573445558547973633e+00
3.549581050872802734e+00
3.561629533767700195e+00
3.584752559661865234e+00
3.652276277542114258e+00
3.596484661102294922e+00
3.580569744110107422e+00
3.599784374237060547e+00
3.639327764511108398e+00
3.618939399719238281e+00
3.593891620635986328e+00
3.603918552398681641e+00
3.607667684555053711e+00
3.626346349716186523e+00
3.640316963195800781e+00
3.640050411224365234e+00
3.643012285232543945e+00
3.596641540527343750e+00
3.673852205276489258e+00
3.679242134094238281e+00
3.667174339294433594e+00
3.635324001312255859e+00
3.626919507980346680e+00
3.469727039337158203e+00
3.540216922760009766e+00
3.527807235717773438e+00
3.598407268524169922e+00
3.593758106231689453e+00
3.579288721084594727e+00
3.569639921188354492e+00
3.576065778732299805e+00
3.567508935928344727e+00
3.518201828002929688e+00
3.550710916519165039e+00
3.560172796249389648e+00
3.571734905242919922e+00
3.559878110885620117e+00
3.556546926498413086e+00
3.546112775802612305e+00
3.605198383331298828e+00
3.534753799438476562e+00
3.536504507064819336e+00
3.577950000762939453e+00
3.570216894149780273e+00
3.613748311996459961e+00
3.548277854919433594e+00
3.547505140304565430e+00
3.581661939620971680e+00
3.561404705047607422e+00
3.568451166152954102e+00
3.508841037750244141e+00
3.586223363876342773e+00
3.563668012619018555e+00
3.551301956176757812e+00
3.596441030502319336e+00
3.561811447143554688e+00
3.549264669418334961e+00
3.576760292053222656e+00
3.575250148773193359e+00
3.573390245437622070e+00
3.572715044021606445e+00
3.540015220642089844e+00
3.549835205078125000e+00
3.569160461425781250e+00
3.556862115859985352e+00
3.577300786972045898e+00
3.546384572982788086e+00
3.589041948318481445e+00
3.601459741592407227e+00
3.580305099487304688e+00
3.592256784439086914e+00
3.639407157897949219e+00
3.587656974792480469e+00
3.613014221191406250e+00
3.561721324920654297e+00
3.599710464477539062e+00
3.629553794860839844e+00
3.658512115478515625e+00
3.660564422607421875e+00
3.672417402267456055e+00
3.625652074813842773e+00
3.630810022354125977e+00
3.661803245544433594e+00
3.655927658081054688e+00
3.667838573455810547e+00
3.648146629333496094e+00
3.644865512847900391e+00
3.708661317825317383e+00
3.685463666915893555e+00
3.699564456939697266e+00
3.650336503982543945e+00
3.533814430236816406e+00
3.550670862197875977e+00
3.584081888198852539e+00
3.555542707443237305e+00
3.573222637176513672e+00
3.596037387847900391e+00
3.513030290603637695e+00
3.526851415634155273e+00
3.525976657867431641e+00
3.550719261169433594e+00
3.515010118484497070e+00
3.528489828109741211e+00
3.549486160278320312e+00
3.612606048583984375e+00
3.528556585311889648e+00
3.537398815155029297e+00
3.583500623703002930e+00
3.576491355895996094e+00
3.552470922470092773e+00
3.582345724105834961e+00
3.527288913726806641e+00
3.537558078765869141e+00
3.594710111618041992e+00
3.520029306411743164e+00
3.557499885559082031e+00
3.545406341552734375e+00
3.546339035034179688e+00
3.582123041152954102e+00
3.573927402496337891e+00
3.590851545333862305e+00
3.543576955795288086e+00
3.574570178985595703e+00
3.575583934783935547e+00
3.549926757812500000e+00
3.540436506271362305e+00
3.545344114303588867e+00
3.558673620223999023e+00
3.598495721817016602e+00
3.560226202011108398e+00
3.534341096878051758e+00
3.580437898635864258e+00
3.566928386688232422e+00
3.573636293411254883e+00
3.536380290985107422e+00
3.508013010025024414e+00
3.527679443359375000e+00
3.535975933074951172e+00
3.567508697509765625e+00
3.674511194229125977e+00
3.582665443420410156e+00
3.588301897048950195e+00
3.600104570388793945e+00
3.577759981155395508e+00
3.566463708877563477e+00
3.606071233749389648e+00
3.619488239288330078e+00
3.655002117156982422e+00
3.670006036758422852e+00
3.634128093719482422e+00
3.647812366485595703e+00
3.637302637100219727e+00
3.638286352157592773e+00
3.632595539093017578e+00
3.653340816497802734e+00
3.663175821304321289e+00
3.664866685867309570e+00
3.699203252792358398e+00
3.659249544143676758e+00
3.516438245773315430e+00
3.593225479125976562e+00
3.570671558380126953e+00
3.599078655242919922e+00
3.534504890441894531e+00
3.581464290618896484e+00
3.515411138534545898e+00
3.555295705795288086e+00
3.578405618667602539e+00
3.595606803894042969e+00
3.538486719131469727e+00
3.506720066070556641e+00
3.522185325622558594e+00
3.558960914611816406e+00
3.622437000274658203e+00
3.584671735763549805e+00
3.547362565994262695e+00
3.566223382949829102e+00
3.580075025558471680e+00
3.548741817474365234e+00
3.608503580093383789e+00
3.589072704315185547e+00
3.549655675888061523e+00
3.610651016235351562e+00
3.556910037994384766e+00
3.548704147338867188e+00
3.553478240966796875e+00
3.527568340301513672e+00
3.551782369613647461e+00
3.581845521926879883e+00
3.577078104019165039e+00
3.544426679611206055e+00
3.579145431518554688e+00
3.550435066223144531e+00
3.549195289611816406e+00
3.516406536102294922e+00
3.542700529098510742e+00
3.527371883392333984e+00
3.570612430572509766e+00
3.564887762069702148e+00
3.574322938919067383e+00
3.609359741210937500e+00
3.577185153961181641e+00
3.583578824996948242e+00
3.565308570861816406e+00
3.558384656906127930e+00
3.550614833831787109e+00
3.542453050613403320e+00
3.612121343612670898e+00
3.631482839584350586e+00
3.611319303512573242e+00
3.567119836807250977e+00
3.588962078094482422e+00
3.606443643569946289e+00
3.606357574462890625e+00
3.604163646697998047e+00
3.631946325302124023e+00
3.588744640350341797e+00
3.632280349731445312e+00
3.614320516586303711e+00
3.637305021286010742e+00
3.627979040145874023e+00
3.610288619995117188e+00
3.631932973861694336e+00
3.662672519683837891e+00
3.630117416381835938e+00
3.661828279495239258e+00
3.690423250198364258e+00
3.603496551513671875e+00
3.533955335617065430e+00
3.533280611038208008e+00
3.536444664001464844e+00
3.551913976669311523e+00
3.590298414230346680e+00
3.550523757934570312e+00
3.562230587005615234e+00
3.554993152618408203e+00
3.556217670440673828e+00
3.543304920196533203e+00
3.544929742813110352e+00
3.585641145706176758e+00
3.529648303985595703e+00
3.508407592773437500e+00
3.506469488143920898e+00
3.549157619476318359e+00
3.532193899154663086e+00
3.534485578536987305e+00
3.577894210815429688e+00
3.565326929092407227e+00
3.513325214385986328e+00
3.571599245071411133e+00
3.562757015228271484e+00
3.541343688964843750e+00
3.559849977493286133e+00
3.516008853912353516e+00
3.614336013793945312e+00
3.577198505401611328e+00
3.572820186614990234e+00
3.540241479873657227e+00
3.565983057022094727e+00
3.528982400894165039e+00
3.575360059738159180e+00
3.581758260726928711e+00
3.542036294937133789e+00
3.570307016372680664e+00
3.535446166992187500e+00
3.532210588455200195e+00
3.516631603240966797e+00
3.547982931137084961e+00
3.550039768218994141e+00
3.551085710525512695e+00
3.580733299255371094e+00
3.616707801818847656e+00
3.601061105728149414e+00
3.562688589096069336e+00
3.581164121627807617e+00
3.559227705001831055e+00
3.567137718200683594e+00
3.559095144271850586e+00
3.617618560791015625e+00
3.605297327041625977e+00
3.567330837249755859e+00
3.556639909744262695e+00
3.632252931594848633e+00
3.608003377914428711e+00
3.586224555969238281e+00
3.614141464233398438e+00
3.592934846878051758e+00
3.599126100540161133e+00
3.609830617904663086e+00
3.635679006576538086e+00
3.618917942047119141e+00
3.611122846603393555e+00
3.620290279388427734e+00
3.649500846862792969e+00
3.648537397384643555e+00
3.649033069610595703e+00
3.676035404205322266e+00
3.541549205780029297e+00
3.531673908233642578e+00
3.528739213943481445e+00
3.584214210510253906e+00
3.545975446701049805e+00
3.500161886215209961e+00
3.563133239746093750e+00
3.539451837539672852e+00
3.562190055847167969e+00
3.553337574005126953e+00
3.532865047454833984e+00
3.493387222290039062e+00
3.580469608306884766e+00
3.593573093414306641e+00
3.580313920974731445e+00
3.550808906555175781e+00
3.531505823135375977e+00
3.537268877029418945e+00
3.535380125045776367e+00
3.560011863708496094e+00
3.516497611999511719e+00
3.583004713058471680e+00
3.548967361450195312e+00
3.524747610092163086e+00
3.585481643676757812e+00
3.554255247116088867e+00
3.531714916229248047e+00
3.523552894592285156e+00
3.537250518798828125e+00
3.605859518051147461e+00
3.610915899276733398e+00
3.567073345184326172e+00
3.565542936325073242e+00
3.533065319061279297e+00
3.548309803009033203e+00
3.550176620483398438e+00
3.585851669311523438e+00
3.580341815948486328e+00
3.591492891311645508e+00
3.564049005508422852e+00
3.549680948257446289e+00
3.540646314620971680e+00
3.609228849411010742e+00
3.537253379821777344e+00
3.558844327926635742e+00
3.581301212310791016e+00
3.576537609100341797e+00
3.565083742141723633e+00
3.560369968414306641e+00
3.607242584228515625e+00
3.548064708709716797e+00
3.554242372512817383e+00
3.595396995544433594e+00
3.636198043823242188e+00
3.582499027252197266e+00
3.564278841018676758e+00
3.642237901687622070e+00
3.587711572647094727e+00
3.592537164688110352e+00
3.592343091964721680e+00
3.567000150680541992e+00
3.599838972091674805e+00
3.605622768402099609e+00
3.614864826202392578e+00
3.612924814224243164e+00
3.632011175155639648e+00
3.618563413619995117e+00
3.632150650024414062e+00
3.627574443817138672e+00
3.656292438507080078e+00
3.550960540771484375e+00
3.490829706192016602e+00
3.499160766601562500e+00
3.500591993331909180e+00
3.528164625167846680e+00
3.499907493591308594e+00
3.539152622222900391e+00
3.540858983993530273e+00
3.521453142166137695e+00
3.559480190277099609e+00
3.599799633026123047e+00
3.557141542434692383e+00
3.552704095840454102e+00
3.564834117889404297e+00
3.533923149108886719e+00
3.556078433990478516e+00
3.601317882537841797e+00
3.588028669357299805e+00
3.522950172424316406e+00
3.603303670883178711e+00
3.569240570068359375e+00
3.494315624237060547e+00
3.620220422744750977e+00
3.544304370880126953e+00
3.545997381210327148e+00
3.578506946563720703e+00
3.572921752929687500e+00
3.550269126892089844e+00
3.555338144302368164e+00
3.567231893539428711e+00
3.567151069641113281e+00
3.563627481460571289e+00
3.571944236755371094e+00
3.621092796325683594e+00
3.591618299484252930e+00
3.538176774978637695e+00
3.556734085083007812e+00
3.522338390350341797e+00
3.538496494293212891e+00
3.582673788070678711e+00
3.563973426818847656e+00
3.522056579589843750e+00
3.549806594848632812e+00
3.557391643524169922e+00
3.554124593734741211e+00
3.541358709335327148e+00
3.546175479888916016e+00
3.559531927108764648e+00
3.565144300460815430e+00
3.605451583862304688e+00
3.564090490341186523e+00
3.553826570510864258e+00
3.566768407821655273e+00
3.563359022140502930e+00
3.593412876129150391e+00
3.601117610931396484e+00
3.585060119628906250e+00
3.599472761154174805e+00
3.617048978805541992e+00
3.610614299774169922e+00
3.577708721160888672e+00
3.576918601989746094e+00
3.613027334213256836e+00
3.608987331390380859e+00
3.606067180633544922e+00
3.610940456390380859e+00
3.608987808227539062e+00
3.633640050888061523e+00
3.626863479614257812e+00
3.612381935119628906e+00
3.585872173309326172e+00
3.585939407348632812e+00
3.579145908355712891e+00
3.521301984786987305e+00
3.501858472824096680e+00
3.499558687210083008e+00
3.542937278747558594e+00
3.551119089126586914e+00
3.556504249572753906e+00
3.543978929519653320e+00
3.509668111801147461e+00
3.524044036865234375e+00
3.579717874526977539e+00
3.624837875366210938e+00
3.508724212646484375e+00
3.514326810836791992e+00
3.519761562347412109e+00
3.551149845123291016e+00
3.557613134384155273e+00
3.586086750030517578e+00
3.555854797363281250e+00
3.620153665542602539e+00
3.597890377044677734e+00
3.554388284683227539e+00
3.640897750854492188e+00
3.561096906661987305e+00
3.573105096817016602e+00
3.545957326889038086e+00
3.521885156631469727e+00
3.539971113204956055e+00
3.551176071166992188e+00
3.530751705169677734e+00
3.576927661895751953e+00
3.537494897842407227e+00
3.568872928619384766e+00
3.599675178527832031e+00
3.564460515975952148e+00
3.574054718017578125e+00
3.577250003814697266e+00
3.530713081359863281e+00
3.540163993835449219e+00
3.556549072265625000e+00
3.569709062576293945e+00
3.579955577850341797e+00
3.561369419097900391e+00
3.577768325805664062e+00
3.557276725769042969e+00
3.548932313919067383e+00
3.540062427520751953e+00
3.560728073120117188e+00
3.576863288879394531e+00
3.567802667617797852e+00
3.566399574279785156e+00
3.573413610458374023e+00
3.581734180450439453e+00
3.546349287033081055e+00
3.606064081192016602e+00
3.614905595779418945e+00
3.575333356857299805e+00
3.577596902847290039e+00
3.600040435791015625e+00
3.596323251724243164e+00
3.579037666320800781e+00
3.580641269683837891e+00
3.620550632476806641e+00
3.625100374221801758e+00
3.642404556274414062e+00
3.616243124008178711e+00
3.607816457748413086e+00
3.614045381546020508e+00
3.593824386596679688e+00
3.621029615402221680e+00
3.638504028320312500e+00
3.591810941696166992e+00
3.518738508224487305e+00
3.560994625091552734e+00
3.501155376434326172e+00
3.493833541870117188e+00
3.518095970153808594e+00
3.539933443069458008e+00
3.512794017791748047e+00
3.531563997268676758e+00
3.529692173004150391e+00
3.522503852844238281e+00
3.511221885681152344e+00
3.564544439315795898e+00
3.597380638122558594e+00
3.510957002639770508e+00
3.549183130264282227e+00
3.558590173721313477e+00
3.511028766632080078e+00
3.542687892913818359e+00
3.518753767013549805e+00
3.516775846481323242e+00
3.597384452819824219e+00
3.562432765960693359e+00
3.549684047698974609e+00
3.582189083099365234e+00
3.561093091964721680e+00
3.543829202651977539e+00
3.535953998565673828e+00
3.520277023315429688e+00
3.548506498336791992e+00
3.554222583770751953e+00
3.543044567108154297e+00
3.538558483123779297e+00
3.575339317321777344e+00
3.569955348968505859e+00
3.548592090606689453e+00
3.541092395782470703e+00
3.564332008361816406e+00
3.593542814254760742e+00
3.558336257934570312e+00
3.525306224822998047e+00
3.528168201446533203e+00
3.567930459976196289e+00
3.563182353973388672e+00
3.551228523254394531e+00
3.578173160552978516e+00
3.588524818420410156e+00
3.569547891616821289e+00
3.553351163864135742e+00
3.574645757675170898e+00
3.517202854156494141e+00
3.555251598358154297e+00
3.552109718322753906e+00
3.577744007110595703e+00
3.566980838775634766e+00
3.575119495391845703e+00
3.568181276321411133e+00
3.619079828262329102e+00
3.593829154968261719e+00
3.580642461776733398e+00
3.597155809402465820e+00
3.608862638473510742e+00
3.545576810836791992e+00
3.563541412353515625e+00
3.590961217880249023e+00
3.606383323669433594e+00
3.610310077667236328e+00
3.614133119583129883e+00
3.615991592407226562e+00
3.625229120254516602e+00
3.598771333694458008e+00
3.543038845062255859e+00
3.580048561096191406e+00
3.543967247009277344e+00
3.504127025604248047e+00
3.521010637283325195e+00
3.530576705932617188e+00
3.495131492614746094e+00
3.467080354690551758e+00
3.519049644470214844e+00
3.516693353652954102e+00
3.495162725448608398e+00
3.535848855972290039e+00
3.561329603195190430e+00
3.476035594940185547e+00
3.527397394180297852e+00
3.584658861160278320e+00
3.522573709487915039e+00
3.524087429046630859e+00
3.555025100708007812e+00
3.516056060791015625e+00
3.543686151504516602e+00
3.541158676147460938e+00
3.534467697143554688e+00
3.517916440963745117e+00
3.546364068984985352e+00
3.531367778778076172e+00
3.579063653945922852e+00
3.582937955856323242e+00
3.583090305328369141e+00
3.560529708862304688e+00
3.522131919860839844e+00
3.532381296157836914e+00
3.509777784347534180e+00
3.559508085250854492e+00
3.543084621429443359e+00
3.562090873718261719e+00
3.580725193023681641e+00
3.565640211105346680e+00
3.540110826492309570e+00
3.557707786560058594e+00
3.610013961791992188e+00
3.559320211410522461e+00
3.551132917404174805e+00
3.546478509902954102e+00
3.520821094512939453e+00
3.540642499923706055e+00
3.566480398178100586e+00
3.576209545135498047e+00
3.593795776367187500e+00
3.524283409118652344e+00
3.589962720870971680e+00
3.578500747680664062e+00
3.572331428527832031e+00
3.542536735534667969e+00
3.564595937728881836e+00
3.576506376266479492e+00
3.586208581924438477e+00
3.562549352645874023e+00
3.547487497329711914e+00
3.581357479095458984e+00
3.571041584014892578e+00
3.573970317840576172e+00
3.588240146636962891e+00
3.611744880676269531e+00
3.558674097061157227e+00
3.561724424362182617e+00
3.585766077041625977e+00
3.610865116119384766e+00
3.623013496398925781e+00
3.627596616744995117e+00
3.603317022323608398e+00
3.624172925949096680e+00
3.544606447219848633e+00
3.478280305862426758e+00
3.590841293334960938e+00
3.522758722305297852e+00
3.476043224334716797e+00
3.511546373367309570e+00
3.545566082000732422e+00
3.513069629669189453e+00
3.472516059875488281e+00
3.534193754196166992e+00
3.542841672897338867e+00
3.513733148574829102e+00
3.496710062026977539e+00
3.539099454879760742e+00
3.497935533523559570e+00
3.553427934646606445e+00
3.587136983871459961e+00
3.526650190353393555e+00
3.541596651077270508e+00
3.522202968597412109e+00
3.522930860519409180e+00
3.571415185928344727e+00
3.521353960037231445e+00
3.524506568908691406e+00
3.520753145217895508e+00
3.553479671478271484e+00
3.521864175796508789e+00
3.550204277038574219e+00
3.541882753372192383e+00
3.599784374237060547e+00
3.598726987838745117e+00
3.537277698516845703e+00
3.491021871566772461e+00
3.509522676467895508e+00
3.544455766677856445e+00
3.563887119293212891e+00
3.585887432098388672e+00
3.594924688339233398e+00
3.551776647567749023e+00
3.527960777282714844e+00
3.532421588897705078e+00
3.581101894378662109e+00
3.572473049163818359e+00
3.571801900863647461e+00
3.522147655487060547e+00
3.551254749298095703e+00
3.541255474090576172e+00
3.529672861099243164e+00
3.587332963943481445e+00
3.585561752319335938e+00
3.573015451431274414e+00
3.539275646209716797e+00
3.581523656845092773e+00
3.582144975662231445e+00
3.562895059585571289e+00
3.592407226562500000e+00
3.548558473587036133e+00
3.563121557235717773e+00
3.562751770019531250e+00
3.557325363159179688e+00
3.573355197906494141e+00
3.556469678878784180e+00
3.561991453170776367e+00
3.598621606826782227e+00
3.612808465957641602e+00
3.584774971008300781e+00
3.571480035781860352e+00
3.569563865661621094e+00
3.587454795837402344e+00
3.625775575637817383e+00
3.622056007385253906e+00
3.600528001785278320e+00
3.501143932342529297e+00
3.474696636199951172e+00
3.520197629928588867e+00
3.542928934097290039e+00
3.506142139434814453e+00
3.494570970535278320e+00
3.517534971237182617e+00
3.604926586151123047e+00
3.573932647705078125e+00
3.524248600006103516e+00
3.488934516906738281e+00
3.551035881042480469e+00
3.495817184448242188e+00
3.523816585540771484e+00
3.544285774230957031e+00
3.546634435653686523e+00
3.551321506500244141e+00
3.586842298507690430e+00
3.537699699401855469e+00
3.568081140518188477e+00
3.521566867828369141e+00
3.525820016860961914e+00
3.564131021499633789e+00
3.543434381484985352e+00
3.552334547042846680e+00
3.543960332870483398e+00
3.521932125091552734e+00
3.546489953994750977e+00
3.561197519302368164e+00
3.533950090408325195e+00
3.596365451812744141e+00
3.611523151397705078e+00
3.543438434600830078e+00
3.485965251922607422e+00
3.504901647567749023e+00
3.540296077728271484e+00
3.563523054122924805e+00
3.557432413101196289e+00
3.562905788421630859e+00
3.570510149002075195e+00
3.574359416961669922e+00
3.507988929748535156e+00
3.538826465606689453e+00
3.581945180892944336e+00
3.573351383209228516e+00
3.547758340835571289e+00
3.559027194976806641e+00
3.563622236251831055e+00
3.559321165084838867e+00
3.573994636535644531e+00
3.610887765884399414e+00
3.535172939300537109e+00
3.556019306182861328e+00
3.556618928909301758e+00
3.603222846984863281e+00
3.580470800399780273e+00
3.590128183364868164e+00
3.552258014678955078e+00
3.559688806533813477e+00
3.548052787780761719e+00
3.570594787597656250e+00
3.561111450195312500e+00
3.597656011581420898e+00
3.585684299468994141e+00
3.602023363113403320e+00
3.613485336303710938e+00
3.604708909988403320e+00
3.586430549621582031e+00
3.581544637680053711e+00
3.592516183853149414e+00
3.595625877380371094e+00
3.619399547576904297e+00
3.524293422698974609e+00
3.494319915771484375e+00
3.528013706207275391e+00
3.545840263366699219e+00
3.551732301712036133e+00
3.509089469909667969e+00
3.488925933837890625e+00
3.501225709915161133e+00
3.519764184951782227e+00
3.553847551345825195e+00
3.520496606826782227e+00
3.539360046386718750e+00
3.593236684799194336e+00
3.541710615158081055e+00
3.521677732467651367e+00
3.522445678710937500e+00
3.528800249099731445e+00
3.527290105819702148e+00
3.483219146728515625e+00
3.539563894271850586e+00
3.613818168640136719e+00
3.523481607437133789e+00
3.501002550125122070e+00
3.537308692932128906e+00
3.560431241989135742e+00
3.546273708343505859e+00
3.562716245651245117e+00
3.538442134857177734e+00
3.522719621658325195e+00
3.557551383972167969e+00
3.553805589675903320e+00
3.584719657897949219e+00
3.634337902069091797e+00
3.559909105300903320e+00
3.568515062332153320e+00
3.540616750717163086e+00
3.552695989608764648e+00
3.509688854217529297e+00
3.517395496368408203e+00
3.512473583221435547e+00
3.571123123168945312e+00
3.570044517517089844e+00
3.513081789016723633e+00
3.510643243789672852e+00
3.561264038085937500e+00
3.551661968231201172e+00
3.559794664382934570e+00
3.559245347976684570e+00
3.573123455047607422e+00
3.565156221389770508e+00
3.598500967025756836e+00
3.572824001312255859e+00
3.578092575073242188e+00
3.547875165939331055e+00
3.547699213027954102e+00
3.586070537567138672e+00
3.584271907806396484e+00
3.572345018386840820e+00
3.574905872344970703e+00
3.569289684295654297e+00
3.580099344253540039e+00
3.569842100143432617e+00
3.573396921157836914e+00
3.581833600997924805e+00
3.588698387145996094e+00
3.580666780471801758e+00
3.582048892974853516e+00
3.607366561889648438e+00
3.581715345382690430e+00
3.604655027389526367e+00
3.608144760131835938e+00
3.606681346893310547e+00
3.489724636077880859e+00
3.502007246017456055e+00
3.478128910064697266e+00
3.488119363784790039e+00
3.547914505004882812e+00
3.524587154388427734e+00
3.483023643493652344e+00
3.491832971572875977e+00
3.478081464767456055e+00
3.512976884841918945e+00
3.541004657745361328e+00
3.534200668334960938e+00
3.535935878753662109e+00
3.569437265396118164e+00
3.532313585281372070e+00
3.505686044692993164e+00
3.542567968368530273e+00
3.571261167526245117e+00
3.529755115509033203e+00
3.519866228103637695e+00
3.545146465301513672e+00
3.563069581985473633e+00
3.517468452453613281e+00
3.512801885604858398e+00
3.507894754409790039e+00
3.527884244918823242e+00
3.544876337051391602e+00
3.555923700332641602e+00
3.517229557037353516e+00
3.504294157028198242e+00
3.540281057357788086e+00
3.527240276336669922e+00
3.598575830459594727e+00
3.575481891632080078e+00
3.575915336608886719e+00
3.620234251022338867e+00
3.562977313995361328e+00
3.563068151473999023e+00
3.539431810379028320e+00
3.527683258056640625e+00
3.537166833877563477e+00
3.542948484420776367e+00
3.556971311569213867e+00
3.540237188339233398e+00
3.548739194869995117e+00
3.546968460083007812e+00
3.554319381713867188e+00
3.573531866073608398e+00
3.535475969314575195e+00
3.595259428024291992e+00
3.608794689178466797e+00
3.552647113800048828e+00
3.570285797119140625e+00
3.606435775756835938e+00
3.572577714920043945e+00
3.567275285720825195e+00
3.572170019149780273e+00
3.542717695236206055e+00
3.563691616058349609e+00
3.596194982528686523e+00
3.576940059661865234e+00
3.569911241531372070e+00
3.569977283477783203e+00
3.560291767120361328e+00
3.576288700103759766e+00
3.608747482299804688e+00
3.594217061996459961e+00
3.586145639419555664e+00
3.589302778244018555e+00
3.590000152587890625e+00
3.625308275222778320e+00
3.627086162567138672e+00
3.491748094558715820e+00
3.545433521270751953e+00
3.494032382965087891e+00
3.436768054962158203e+00
3.445299148559570312e+00
3.538137435913085938e+00
3.535454273223876953e+00
3.521491289138793945e+00
3.448009729385375977e+00
3.505631446838378906e+00
3.531093597412109375e+00
3.485946893692016602e+00
3.532589435577392578e+00
3.535537481307983398e+00
3.514729022979736328e+00
3.475693464279174805e+00
3.461947679519653320e+00
3.515630245208740234e+00
3.561695575714111328e+00
3.513181447982788086e+00
3.540614128112792969e+00
3.536107778549194336e+00
3.532616615295410156e+00
3.547387123107910156e+00
3.517132520675659180e+00
3.483582019805908203e+00
3.516323089599609375e+00
3.547957181930541992e+00
3.537159442901611328e+00
3.532946348190307617e+00
3.569832324981689453e+00
3.536762714385986328e+00
3.535592555999755859e+00
3.567529439926147461e+00
3.540461063385009766e+00
3.573053598403930664e+00
3.592965602874755859e+00
3.558227300643920898e+00
3.565958023071289062e+00
3.558022022247314453e+00
3.557689905166625977e+00
3.548839807510375977e+00
3.517697811126708984e+00
3.552549362182617188e+00
3.546495914459228516e+00
3.560094118118286133e+00
3.568837642669677734e+00
3.548621416091918945e+00
3.556210041046142578e+00
3.542607307434082031e+00
3.614043951034545898e+00
3.591502189636230469e+00
3.565821170806884766e+00
3.566879987716674805e+00
3.564617633819580078e+00
3.522341489791870117e+00
3.555031299591064453e+00
3.555683135986328125e+00
3.541526794433593750e+00
3.570069074630737305e+00
3.561306476593017578e+00
3.571360349655151367e+00
3.583635568618774414e+00
3.573313951492309570e+00
3.575854778289794922e+00
3.559002876281738281e+00
3.590154170989990234e+00
3.592094182968139648e+00
3.582452774047851562e+00
3.587282896041870117e+00
3.595204353332519531e+00
3.607146263122558594e+00
3.531010389328002930e+00
3.489597320556640625e+00
3.497776269912719727e+00
3.493543624877929688e+00
3.462491750717163086e+00
3.500137090682983398e+00
3.532450437545776367e+00
3.526237964630126953e+00
3.498116016387939453e+00
3.479731559753417969e+00
3.505666971206665039e+00
3.524149179458618164e+00
3.484268665313720703e+00
3.541143178939819336e+00
3.587800025939941406e+00
3.509110927581787109e+00
3.475479602813720703e+00
3.429190158843994141e+00
3.456970453262329102e+00
3.553703784942626953e+00
3.527531147003173828e+00
3.533985137939453125e+00
3.528958320617675781e+00
3.562015771865844727e+00
3.569924354553222656e+00
3.577071428298950195e+00
3.539810180664062500e+00
3.521174192428588867e+00
3.549958467483520508e+00
3.516272068023681641e+00
3.503470420837402344e+00
3.554468870162963867e+00
3.540051937103271484e+00
3.574776649475097656e+00
3.520926237106323242e+00
3.505140781402587891e+00
3.548214673995971680e+00
3.568217515945434570e+00
3.587244033813476562e+00
3.582531213760375977e+00
3.544087886810302734e+00
3.561766624450683594e+00
3.544495344161987305e+00
3.533644914627075195e+00
3.565106868743896484e+00
3.554973840713500977e+00
3.573307991027832031e+00
3.560765743255615234e+00
3.555129528045654297e+00
3.539226055145263672e+00
3.571146726608276367e+00
3.575989484786987305e+00
3.592892885208129883e+00
3.568148136138916016e+00
3.579672098159790039e+00
3.573471784591674805e+00
3.535529851913452148e+00
3.566577911376953125e+00
3.562804460525512695e+00
3.551005601882934570e+00
3.573826789855957031e+00
3.599584817886352539e+00
3.576880216598510742e+00
3.574502468109130859e+00
3.563670873641967773e+00
3.584509849548339844e+00
3.575993776321411133e+00
3.590824127197265625e+00
3.583775758743286133e+00
3.602972507476806641e+00
3.577579259872436523e+00
3.617233276367187500e+00
3.434092044830322266e+00
3.455590963363647461e+00
3.488742351531982422e+00
3.499935150146484375e+00
3.478762388229370117e+00
3.502781391143798828e+00
3.525238275527954102e+00
3.479325056076049805e+00
3.459861040115356445e+00
3.493608474731445312e+00
3.546831130981445312e+00
3.496543884277343750e+00
3.538875341415405273e+00
3.504996776580810547e+00
3.537459850311279297e+00
3.529302358627319336e+00
3.496195077896118164e+00
3.495322465896606445e+00
3.501228809356689453e+00
3.540995359420776367e+00
3.557329416275024414e+00
3.557531833648681641e+00
3.558663606643676758e+00
3.546943664550781250e+00
3.507987499237060547e+00
3.533640623092651367e+00
3.601645946502685547e+00
3.531967639923095703e+00
3.528662204742431641e+00
3.538896322250366211e+00
3.529331922531127930e+00
3.524751663208007812e+00
3.501036405563354492e+00
3.514067888259887695e+00
3.542238473892211914e+00
3.526274919509887695e+00
3.533362388610839844e+00
3.520612239837646484e+00
3.551796436309814453e+00
3.582165002822875977e+00
3.554005861282348633e+00
3.578865766525268555e+00
3.567791700363159180e+00
3.564822912216186523e+00
3.530342102050781250e+00
3.538266420364379883e+00
3.570675611495971680e+00
3.579775810241699219e+00
3.560011148452758789e+00
3.534840822219848633e+00
3.568272352218627930e+00
3.531140327453613281e+00
3.562169075012207031e+00
3.563556432723999023e+00
3.556367635726928711e+00
3.618756055831909180e+00
3.628745794296264648e+00
3.555617809295654297e+00
3.552799463272094727e+00
3.568933010101318359e+00
3.556563854217529297e+00
3.578484058380126953e+00
3.562391281127929688e+00
3.580231428146362305e+00
3.569500207901000977e+00
3.578983783721923828e+00
3.574056148529052734e+00
3.563743829727172852e+00
3.562719106674194336e+00
3.580982685089111328e+00
3.601595401763916016e+00
3.605196237564086914e+00
3.506878137588500977e+00
3.494888544082641602e+00
3.526016950607299805e+00
3.530708312988281250e+00
3.491909980773925781e+00
3.498490571975708008e+00
3.489130258560180664e+00
3.481884956359863281e+00
3.467418909072875977e+00
3.516589164733886719e+00
3.501403570175170898e+00
3.486245870590209961e+00
3.526710033416748047e+00
3.529268741607666016e+00
3.487635850906372070e+00
3.501695156097412109e+00
3.516345262527465820e+00
3.497297048568725586e+00
3.535842895507812500e+00
3.486131191253662109e+00
3.501723289489746094e+00
3.534381866455078125e+00
3.535663604736328125e+00
3.523096323013305664e+00
3.506105899810791016e+00
3.475193262100219727e+00
3.519412994384765625e+00
3.599684953689575195e+00
3.545077085494995117e+00
3.506999492645263672e+00
3.536051988601684570e+00
3.550036907196044922e+00
3.511068820953369141e+00
3.498414278030395508e+00
3.541280508041381836e+00
3.518746614456176758e+00
3.544685363769531250e+00
3.550915479660034180e+00
3.499410867691040039e+00
3.559250593185424805e+00
3.552182674407958984e+00
3.589750528335571289e+00
3.576029777526855469e+00
3.578472137451171875e+00
3.575603246688842773e+00
3.524812221527099609e+00
3.529261112213134766e+00
3.542573690414428711e+00
3.581085443496704102e+00
3.557559490203857422e+00
3.570733547210693359e+00
3.541175365447998047e+00
3.536635637283325195e+00
3.552916288375854492e+00
3.575755596160888672e+00
3.544334173202514648e+00
3.557546138763427734e+00
3.598317384719848633e+00
3.568667650222778320e+00
3.543828010559082031e+00
3.553501844406127930e+00
3.585687398910522461e+00
3.578157901763916016e+00
3.557763576507568359e+00
3.566918373107910156e+00
3.578928947448730469e+00
3.587769746780395508e+00
3.583431720733642578e+00
3.582315921783447266e+00
3.564819335937500000e+00
3.606903553009033203e+00
3.591440200805664062e+00
3.501360654830932617e+00
3.508033990859985352e+00
3.490417718887329102e+00
3.465788841247558594e+00
3.503021955490112305e+00
3.482933282852172852e+00
3.516863584518432617e+00
3.505980968475341797e+00
3.457881212234497070e+00
3.511248111724853516e+00
3.534656047821044922e+00
3.475376129150390625e+00
3.487447977066040039e+00
3.488625049591064453e+00
3.500069379806518555e+00
3.485900163650512695e+00
3.505031108856201172e+00
3.501226186752319336e+00
3.505597829818725586e+00
3.499345302581787109e+00
3.509760379791259766e+00
3.500063419342041016e+00
3.491885662078857422e+00
3.544649362564086914e+00
3.521877765655517578e+00
3.529910087585449219e+00
3.550240755081176758e+00
3.533906221389770508e+00
3.534883499145507812e+00
3.579452276229858398e+00
3.546757221221923828e+00
3.537418842315673828e+00
3.546731472015380859e+00
3.509436368942260742e+00
3.530851364135742188e+00
3.551871538162231445e+00
3.483914375305175781e+00
3.537160158157348633e+00
3.540219306945800781e+00
3.522840976715087891e+00
3.515516281127929688e+00
3.542584657669067383e+00
3.578881263732910156e+00
3.554656982421875000e+00
3.578150033950805664e+00
3.599077701568603516e+00
3.562256813049316406e+00
3.528152227401733398e+00
3.558896303176879883e+00
3.560319662094116211e+00
3.600035190582275391e+00
3.557144165039062500e+00
3.574445247650146484e+00
3.553177595138549805e+00
3.556455373764038086e+00
3.586713314056396484e+00
3.569845914840698242e+00
3.563871383666992188e+00
3.600895881652832031e+00
3.607980489730834961e+00
3.545231342315673828e+00
3.539109945297241211e+00
3.601815700531005859e+00
3.566164016723632812e+00
3.567841291427612305e+00
3.556831359863281250e+00
3.577681064605712891e+00
3.594516277313232422e+00
3.591619253158569336e+00
3.581894159317016602e+00
3.555797100067138672e+00
3.598217487335205078e+00
3.503650426864624023e+00
3.524357080459594727e+00
3.483802556991577148e+00
3.423806428909301758e+00
3.463206768035888672e+00
3.482254505157470703e+00
3.523205518722534180e+00
3.521244049072265625e+00
3.492178678512573242e+00
3.453245878219604492e+00
3.535264253616333008e+00
3.536071062088012695e+00
3.519623994827270508e+00
3.529288053512573242e+00
3.489050626754760742e+00
3.516865015029907227e+00
3.507679462432861328e+00
3.525776624679565430e+00
3.498227119445800781e+00
3.516128301620483398e+00
3.494858264923095703e+00
3.539286136627197266e+00
3.522291421890258789e+00
3.491504192352294922e+00
3.495185375213623047e+00
3.484847068786621094e+00
3.544169425964355469e+00
3.522493839263916016e+00
3.446762561798095703e+00
3.534968137741088867e+00
3.596607446670532227e+00
3.567030429840087891e+00
3.546884059906005859e+00
3.539302349090576172e+00
3.500249147415161133e+00
3.535248517990112305e+00
3.566641330718994141e+00
3.545632839202880859e+00
3.527240753173828125e+00
3.566004514694213867e+00
3.585344791412353516e+00
3.539574623107910156e+00
3.565376520156860352e+00
3.561972141265869141e+00
3.511085510253906250e+00
3.528490781784057617e+00
3.607677698135375977e+00
3.572083473205566406e+00
3.552248239517211914e+00
3.556461811065673828e+00
3.592871665954589844e+00
3.565961122512817383e+00
3.575555562973022461e+00
3.565404415130615234e+00
3.561537981033325195e+00
3.564073562622070312e+00
3.594809770584106445e+00
3.550550937652587891e+00
3.527035713195800781e+00
3.575711011886596680e+00
3.628700971603393555e+00
3.566910028457641602e+00
3.551837205886840820e+00
3.572011947631835938e+00
3.592754602432250977e+00
3.588365316390991211e+00
3.548850774765014648e+00
3.559774160385131836e+00
3.590830564498901367e+00
3.603312253952026367e+00
3.579776287078857422e+00
3.569022655487060547e+00
3.499490022659301758e+00
3.489731311798095703e+00
3.512665271759033203e+00
3.465273141860961914e+00
3.449313640594482422e+00
3.437867164611816406e+00
3.436658859252929688e+00
3.464224338531494141e+00
3.439493894577026367e+00
3.513023853302001953e+00
3.440434932708740234e+00
3.500130891799926758e+00
3.512074232101440430e+00
3.517822504043579102e+00
3.525310993194580078e+00
3.482321262359619141e+00
3.507049083709716797e+00
3.510399103164672852e+00
3.507902860641479492e+00
3.536215782165527344e+00
3.497604846954345703e+00
3.479791164398193359e+00
3.533422470092773438e+00
3.532080888748168945e+00
3.554619312286376953e+00
3.499710559844970703e+00
3.484806299209594727e+00
3.498173236846923828e+00
3.506751537322998047e+00
3.466924190521240234e+00
3.498918294906616211e+00
3.563518524169921875e+00
3.504615306854248047e+00
3.511698961257934570e+00
3.551605224609375000e+00
3.507674694061279297e+00
3.539893865585327148e+00
3.521187782287597656e+00
3.527800559997558594e+00
3.497622966766357422e+00
3.546958684921264648e+00
3.574595689773559570e+00
3.526072263717651367e+00
3.564451217651367188e+00
3.578924894332885742e+00
3.511092901229858398e+00
3.496195077896118164e+00
3.569337368011474609e+00
3.564756393432617188e+00
3.528800487518310547e+00
3.577161312103271484e+00
3.562132596969604492e+00
3.567154407501220703e+00
3.535334348678588867e+00
3.529956817626953125e+00
3.590296983718872070e+00
3.559216499328613281e+00
3.577568292617797852e+00
3.575415134429931641e+00
3.543626785278320312e+00
3.554523944854736328e+00
3.622140645980834961e+00
3.562995433807373047e+00
3.555909872055053711e+00
3.586657524108886719e+00
3.598758935928344727e+00
3.597323656082153320e+00
3.566058635711669922e+00
3.558792352676391602e+00
3.584556102752685547e+00
3.629028320312500000e+00
3.601997137069702148e+00
3.499943256378173828e+00
3.443577766418457031e+00
3.473175764083862305e+00
3.509768962860107422e+00
3.508978366851806641e+00
3.438771247863769531e+00
3.421591997146606445e+00
3.477096796035766602e+00
3.406976699829101562e+00
3.468594074249267578e+00
3.481461286544799805e+00
3.478640556335449219e+00
3.535442829132080078e+00
3.522175312042236328e+00
3.529527664184570312e+00
3.526960134506225586e+00
3.532444953918457031e+00
3.519771099090576172e+00
3.495858907699584961e+00
3.526845216751098633e+00
3.511365175247192383e+00
3.487417459487915039e+00
3.510697603225708008e+00
3.476300239562988281e+00
3.551056146621704102e+00
3.533700466156005859e+00
3.519773006439208984e+00
3.491320371627807617e+00
3.473466396331787109e+00
3.489269495010375977e+00
3.487567424774169922e+00
3.531821012496948242e+00
3.540184974670410156e+00
3.521090745925903320e+00
3.531047344207763672e+00
3.520537376403808594e+00
3.530968189239501953e+00
3.545045614242553711e+00
3.533068180084228516e+00
3.553916692733764648e+00
3.529685020446777344e+00
3.516222715377807617e+00
3.551702499389648438e+00
3.558837652206420898e+00
3.543402194976806641e+00
3.567602872848510742e+00
3.548764228820800781e+00
3.524886131286621094e+00
3.544447183609008789e+00
3.553146839141845703e+00
3.564644575119018555e+00
3.558038711547851562e+00
3.612382173538208008e+00
3.572410106658935547e+00
3.531828403472900391e+00
3.545073032379150391e+00
3.577345132827758789e+00
3.558103561401367188e+00
3.547040939331054688e+00
3.572897434234619141e+00
3.567895412445068359e+00
3.557638883590698242e+00
3.612735271453857422e+00
3.597661018371582031e+00
3.561983346939086914e+00
3.539779901504516602e+00
3.583483219146728516e+00
3.602219104766845703e+00
3.589690685272216797e+00
3.545808076858520508e+00
3.575922012329101562e+00
3.607526063919067383e+00
3.502124547958374023e+00
3.505580425262451172e+00
3.501578569412231445e+00
3.530730247497558594e+00
3.535365343093872070e+00
3.523403644561767578e+00
3.463507890701293945e+00
3.489616394042968750e+00
3.475063800811767578e+00
3.465817451477050781e+00
3.509021520614624023e+00
3.456566810607910156e+00
3.506684064865112305e+00
3.526557445526123047e+00
3.519313812255859375e+00
3.503465175628662109e+00
3.529383897781372070e+00
3.528874874114990234e+00
3.500159502029418945e+00
3.508916616439819336e+00
3.521775722503662109e+00
3.478136777877807617e+00
3.497868299484252930e+00
3.516929626464843750e+00
3.510000944137573242e+00
3.551318168640136719e+00
3.513852834701538086e+00
3.524423599243164062e+00
3.504732847213745117e+00
3.495359897613525391e+00
3.492938041687011719e+00
3.524513006210327148e+00
3.537892818450927734e+00
3.530458927154541016e+00
3.556870937347412109e+00
3.528068780899047852e+00
3.489882707595825195e+00
3.508315324783325195e+00
3.565784931182861328e+00
3.542533159255981445e+00
3.564467430114746094e+00
3.554815053939819336e+00
3.515578031539916992e+00
3.561940431594848633e+00
3.573141813278198242e+00
3.542413234710693359e+00
3.566570997238159180e+00
3.568629026412963867e+00
3.552269458770751953e+00
3.549477815628051758e+00
3.563121080398559570e+00
3.503392934799194336e+00
3.564558506011962891e+00
3.587203264236450195e+00
3.560905694961547852e+00
3.549614667892456055e+00
3.532136678695678711e+00
3.558150768280029297e+00
3.584723949432373047e+00
3.557036876678466797e+00
3.562124490737915039e+00
3.556786060333251953e+00
3.547385931015014648e+00
3.587898731231689453e+00
3.593135118484497070e+00
3.577642202377319336e+00
3.559587955474853516e+00
3.567293882369995117e+00
3.592767715454101562e+00
3.587814807891845703e+00
3.556698322296142578e+00
3.585560321807861328e+00
3.483172655105590820e+00
3.501041650772094727e+00
3.520452022552490234e+00
3.515661001205444336e+00
3.494294166564941406e+00
3.516785144805908203e+00
3.486252069473266602e+00
3.477436780929565430e+00
3.455253124237060547e+00
3.485173225402832031e+00
3.517721176147460938e+00
3.502032041549682617e+00
3.487443208694458008e+00
3.485380411148071289e+00
3.519919633865356445e+00
3.511431694030761719e+00
3.503209590911865234e+00
3.517887353897094727e+00
3.549206733703613281e+00
3.550503730773925781e+00
3.563286304473876953e+00
3.492164134979248047e+00
3.500272989273071289e+00
3.500712633132934570e+00
3.513908624649047852e+00
3.531580686569213867e+00
3.489772796630859375e+00
3.517544269561767578e+00
3.494868993759155273e+00
3.500731229782104492e+00
3.497876882553100586e+00
3.516275167465209961e+00
3.475871801376342773e+00
3.507873296737670898e+00
3.558426618576049805e+00
3.546798467636108398e+00
3.526791572570800781e+00
3.553780317306518555e+00
3.550184011459350586e+00
3.499341249465942383e+00
3.561181306838989258e+00
3.560595035552978516e+00
3.519896268844604492e+00
3.550291776657104492e+00
3.552464246749877930e+00
3.566733360290527344e+00
3.539938688278198242e+00
3.583037137985229492e+00
3.576406955718994141e+00
3.571754932403564453e+00
3.528760671615600586e+00
3.521330833435058594e+00
3.580295562744140625e+00
3.558620691299438477e+00
3.552338123321533203e+00
3.583113193511962891e+00
3.549461603164672852e+00
3.557277917861938477e+00
3.566071987152099609e+00
3.553894996643066406e+00
3.579989433288574219e+00
3.574455738067626953e+00
3.547660827636718750e+00
3.585458755493164062e+00
3.577026367187500000e+00
3.577472686767578125e+00
3.592233657836914062e+00
3.571949243545532227e+00
3.597545623779296875e+00
3.586093902587890625e+00
3.488183975219726562e+00
3.488256216049194336e+00
3.500344753265380859e+00
3.495845794677734375e+00
3.480400800704956055e+00
3.496427536010742188e+00
3.494006872177124023e+00
3.480210304260253906e+00
3.510702610015869141e+00
3.463507175445556641e+00
3.452860832214355469e+00
3.497475624084472656e+00
3.507122755050659180e+00
3.512415885925292969e+00
3.494096040725708008e+00
3.489571809768676758e+00
3.476156473159790039e+00
3.475730895996093750e+00
3.513745069503784180e+00
3.527804136276245117e+00
3.535930633544921875e+00
3.555733680725097656e+00
3.509767532348632812e+00
3.511453390121459961e+00
3.539691686630249023e+00
3.529276609420776367e+00
3.503225564956665039e+00
3.516005516052246094e+00
3.477880954742431641e+00
3.507028341293334961e+00
3.503448724746704102e+00
3.529243469238281250e+00
3.546785116195678711e+00
3.501811265945434570e+00
3.528361797332763672e+00
3.523946762084960938e+00
3.498139619827270508e+00
3.512978792190551758e+00
3.563369750976562500e+00
3.552757978439331055e+00
3.526860237121582031e+00
3.555465221405029297e+00
3.547086000442504883e+00
3.518972158432006836e+00
3.517191648483276367e+00
3.591430664062500000e+00
3.587202548980712891e+00
3.525242805480957031e+00
3.562906026840209961e+00
3.613964319229125977e+00
3.551958322525024414e+00
3.536398410797119141e+00
3.536525726318359375e+00
3.590235471725463867e+00
3.536252260208129883e+00
3.565097093582153320e+00
3.591259241104125977e+00
3.571154356002807617e+00
3.577807426452636719e+00
3.550061225891113281e+00
3.555012464523315430e+00
3.549993276596069336e+00
3.584074020385742188e+00
3.565112829208374023e+00
3.586155652999877930e+00
3.569678306579589844e+00
3.588344573974609375e+00
3.587005376815795898e+00
3.573822736740112305e+00
3.592814207077026367e+00
3.491149187088012695e+00
3.511793375015258789e+00
3.520226716995239258e+00
3.509615659713745117e+00
3.503113269805908203e+00
3.511841297149658203e+00
3.549844264984130859e+00
3.459543704986572266e+00
3.477193355560302734e+00
3.520962238311767578e+00
3.488421678543090820e+00
3.465542554855346680e+00
3.491979122161865234e+00
3.481294631958007812e+00
3.511584997177124023e+00
3.526549816131591797e+00
3.486931085586547852e+00
3.477822780609130859e+00
3.510836124420166016e+00
3.511753559112548828e+00
3.509025573730468750e+00
3.533226251602172852e+00
3.548654079437255859e+00
3.514378786087036133e+00
3.503282546997070312e+00
3.514614582061767578e+00
3.503548622131347656e+00
3.520904779434204102e+00
3.539716005325317383e+00
3.513859033584594727e+00
3.488921165466308594e+00
3.435562849044799805e+00
3.494029760360717773e+00
3.502601146697998047e+00
3.512639284133911133e+00
3.541807413101196289e+00
3.484940052032470703e+00
3.491547107696533203e+00
3.475202322006225586e+00
3.514191865921020508e+00
3.549882173538208008e+00
3.535025835037231445e+00
3.541169643402099609e+00
3.539117097854614258e+00
3.503647804260253906e+00
3.536000967025756836e+00
3.569779396057128906e+00
3.548425674438476562e+00
3.514464139938354492e+00
3.583023786544799805e+00
3.546535015106201172e+00
3.539168119430541992e+00
3.530133485794067383e+00
3.546828508377075195e+00
3.568610191345214844e+00
3.523180484771728516e+00
3.538315057754516602e+00
3.543078422546386719e+00
3.588064670562744141e+00
3.598443508148193359e+00
3.567691564559936523e+00
3.558010578155517578e+00
3.564148426055908203e+00
3.552181243896484375e+00
3.557005882263183594e+00
3.587057828903198242e+00
3.551345825195312500e+00
3.579426527023315430e+00
3.589540958404541016e+00
3.567747354507446289e+00
3.476875543594360352e+00
3.492576122283935547e+00
3.460749626159667969e+00
3.494207620620727539e+00
3.485391378402709961e+00
3.502613067626953125e+00
3.489311933517456055e+00
3.517204761505126953e+00
3.499552726745605469e+00
3.514291763305664062e+00
3.504607200622558594e+00
3.490803003311157227e+00
3.510407209396362305e+00
3.463505029678344727e+00
3.492650508880615234e+00
3.525832414627075195e+00
3.495543718338012695e+00
3.490494251251220703e+00
3.514607429504394531e+00
3.495333909988403320e+00
3.500745773315429688e+00
3.541439533233642578e+00
3.541007280349731445e+00
3.515490293502807617e+00
3.515405416488647461e+00
3.502667903900146484e+00
3.472591876983642578e+00
3.506236553192138672e+00
3.521008014678955078e+00
3.536209106445312500e+00
3.526429653167724609e+00
3.533677101135253906e+00
3.497929096221923828e+00
3.487810134887695312e+00
3.537786245346069336e+00
3.537197589874267578e+00
3.534671783447265625e+00
3.543213367462158203e+00
3.520988941192626953e+00
3.538724184036254883e+00
3.535406112670898438e+00
3.528544664382934570e+00
3.543193817138671875e+00
3.546627759933471680e+00
3.538985490798950195e+00
3.547876596450805664e+00
3.524857997894287109e+00
3.545743465423583984e+00
3.573349237442016602e+00
3.524526119232177734e+00
3.540216207504272461e+00
3.540976762771606445e+00
3.550189733505249023e+00
3.562602996826171875e+00
3.548785686492919922e+00
3.534856796264648438e+00
3.566235542297363281e+00
3.537413597106933594e+00
3.555259466171264648e+00
3.589873790740966797e+00
3.552523851394653320e+00
3.556048631668090820e+00
3.583890914916992188e+00
3.544998168945312500e+00
3.553617954254150391e+00
3.585222244262695312e+00
3.584996938705444336e+00
3.596342563629150391e+00
3.486417531967163086e+00
3.485288143157958984e+00
3.482320785522460938e+00
3.467216968536376953e+00
3.472712516784667969e+00
3.459288120269775391e+00
3.435850381851196289e+00
3.518292903900146484e+00
3.543815612792968750e+00
3.524544477462768555e+00
3.508320808410644531e+00
3.498489141464233398e+00
3.519905328750610352e+00
3.532598972320556641e+00
3.474955797195434570e+00
3.486700773239135742e+00
3.519183397293090820e+00
3.494189739227294922e+00
3.496314525604248047e+00
3.502539873123168945e+00
3.487415552139282227e+00
3.499648332595825195e+00
3.537550687789916992e+00
3.516674518585205078e+00
3.533204793930053711e+00
3.509151935577392578e+00
3.496729373931884766e+00
3.486591339111328125e+00
3.483467340469360352e+00
3.525274515151977539e+00
3.508794307708740234e+00
3.495021104812622070e+00
3.503700971603393555e+00
3.503684043884277344e+00
3.506242752075195312e+00
3.534225225448608398e+00
3.543760061264038086e+00
3.506482601165771484e+00
3.527123928070068359e+00
3.529551029205322266e+00
3.521220922470092773e+00
3.532005548477172852e+00
3.533258676528930664e+00
3.540277719497680664e+00
3.545424461364746094e+00
3.543464422225952148e+00
3.562963485717773438e+00
3.538711786270141602e+00
3.591502904891967773e+00
3.551278829574584961e+00
3.546608686447143555e+00
3.579999685287475586e+00
3.532655239105224609e+00
3.560629606246948242e+00
3.580678462982177734e+00
3.562990427017211914e+00
3.541785240173339844e+00
3.574399232864379883e+00
3.517012596130371094e+00
3.546939373016357422e+00
3.588632583618164062e+00
3.569449186325073242e+00
3.578970193862915039e+00
3.598069667816162109e+00
3.575926542282104492e+00
3.568936347961425781e+00
3.575253486633300781e+00
3.575737953186035156e+00
3.491565704345703125e+00
3.518133878707885742e+00
3.484049558639526367e+00
3.505929231643676758e+00
3.516544818878173828e+00
3.472887039184570312e+00
3.444639205932617188e+00
3.470139503479003906e+00
3.493459463119506836e+00
3.519385337829589844e+00
3.512544393539428711e+00
3.521332263946533203e+00
3.506667613983154297e+00
3.527295589447021484e+00
3.564522743225097656e+00
3.523666620254516602e+00
3.529273509979248047e+00
3.550334453582763672e+00
3.531832218170166016e+00
3.516039848327636719e+00
3.530700683593750000e+00
3.506987810134887695e+00
3.519630193710327148e+00
3.485389709472656250e+00
3.519744396209716797e+00
3.536901712417602539e+00
3.505146741867065430e+00
3.489837646484375000e+00
3.484660148620605469e+00
3.501680612564086914e+00
3.528734922409057617e+00
3.506273269653320312e+00
3.486053943634033203e+00
3.494238376617431641e+00
3.521060228347778320e+00
3.509401798248291016e+00
3.524141788482666016e+00
3.491576910018920898e+00
3.489694118499755859e+00
3.487504243850708008e+00
3.508749008178710938e+00
3.511802434921264648e+00
3.527340888977050781e+00
3.526605606079101562e+00
3.558305025100708008e+00
3.530873060226440430e+00
3.535429000854492188e+00
3.561779737472534180e+00
3.588356971740722656e+00
3.574252367019653320e+00
3.514020681381225586e+00
3.530488729476928711e+00
3.558307886123657227e+00
3.551858425140380859e+00
3.557193994522094727e+00
3.575467824935913086e+00
3.562811851501464844e+00
3.571908950805664062e+00
3.577550888061523438e+00
3.541969776153564453e+00
3.564472913742065430e+00
3.575652122497558594e+00
3.544414281845092773e+00
3.558969736099243164e+00
3.594676017761230469e+00
3.585637569427490234e+00
3.567649602890014648e+00
3.566207408905029297e+00
3.481175422668457031e+00
3.463535547256469727e+00
3.512229442596435547e+00
3.525856494903564453e+00
3.498285531997680664e+00
3.498311281204223633e+00
3.487942218780517578e+00
3.515803337097167969e+00
3.522938013076782227e+00
3.500435590744018555e+00
3.488258123397827148e+00
3.519137859344482422e+00
3.514860153198242188e+00
3.496975183486938477e+00
3.510268926620483398e+00
3.512856006622314453e+00
3.552523612976074219e+00
3.524019002914428711e+00
3.527638435363769531e+00
3.533531665802001953e+00
3.494233846664428711e+00
3.513284206390380859e+00
3.517899513244628906e+00
3.504595994949340820e+00
3.507843017578125000e+00
3.553417921066284180e+00
3.543354749679565430e+00
3.521238088607788086e+00
3.492197990417480469e+00
3.498318433761596680e+00
3.527057409286499023e+00
3.543303251266479492e+00
3.511849164962768555e+00
3.518796443939208984e+00
3.513248920440673828e+00
3.506621837615966797e+00
3.510610818862915039e+00
3.485530614852905273e+00
3.493130922317504883e+00
3.534214019775390625e+00
3.511910200119018555e+00
3.487100124359130859e+00
3.522891283035278320e+00
3.557642936706542969e+00
3.547090768814086914e+00
3.511997699737548828e+00
3.531473398208618164e+00
3.579956054687500000e+00
3.537905216217041016e+00
3.550997495651245117e+00
3.548252344131469727e+00
3.541352748870849609e+00
3.579868078231811523e+00
3.581245660781860352e+00
3.522076606750488281e+00
3.545327901840209961e+00
3.546725511550903320e+00
3.574126243591308594e+00
3.590116500854492188e+00
3.571452617645263672e+00
3.554414749145507812e+00
3.555500745773315430e+00
3.549828290939331055e+00
3.565320730209350586e+00
3.574696063995361328e+00
3.588760375976562500e+00
3.480434894561767578e+00
3.487016677856445312e+00
3.513023376464843750e+00
3.515502452850341797e+00
3.506514072418212891e+00
3.493227005004882812e+00
3.518320798873901367e+00
3.491033554077148438e+00
3.535942077636718750e+00
3.486636638641357422e+00
3.489213466644287109e+00
3.501397132873535156e+00
3.488820552825927734e+00
3.514492273330688477e+00
3.561356067657470703e+00
3.538681268692016602e+00
3.512908697128295898e+00
3.494034290313720703e+00
3.512151241302490234e+00
3.533254623413085938e+00
3.518748998641967773e+00
3.529614686965942383e+00
3.535195350646972656e+00
3.516009092330932617e+00
3.498558282852172852e+00
3.484101057052612305e+00
3.546363592147827148e+00
3.535271883010864258e+00
3.515328645706176758e+00
3.516884803771972656e+00
3.516025781631469727e+00
3.523701190948486328e+00
3.545830011367797852e+00
3.522210836410522461e+00
3.515460014343261719e+00
3.503549575805664062e+00
3.506930828094482422e+00
3.512214183807373047e+00
3.527898311614990234e+00
3.525555133819580078e+00
3.518001556396484375e+00
3.533878803253173828e+00
3.519516229629516602e+00
3.539671182632446289e+00
3.516286849975585938e+00
3.506704568862915039e+00
3.501595258712768555e+00
3.574004650115966797e+00
3.552638769149780273e+00
3.536031723022460938e+00
3.526858329772949219e+00
3.554837226867675781e+00
3.544657707214355469e+00
3.565350770950317383e+00
3.571510076522827148e+00
3.550453662872314453e+00
3.545011281967163086e+00
3.569579362869262695e+00
3.562885046005249023e+00
3.571413755416870117e+00
3.574782371520996094e+00
3.560906887054443359e+00
3.560714483261108398e+00
3.568064928054809570e+00
3.574388027191162109e+00
3.590725183486938477e+00
3.515254497528076172e+00
3.517827272415161133e+00
3.514681577682495117e+00
3.491534709930419922e+00
3.464557409286499023e+00
3.462103366851806641e+00
3.474586009979248047e+00
3.476992845535278320e+00
3.501307010650634766e+00
3.504988670349121094e+00
3.500757932662963867e+00
3.488955020904541016e+00
3.477677345275878906e+00
3.514972686767578125e+00
3.509200096130371094e+00
3.509607076644897461e+00
3.517015695571899414e+00
3.505400419235229492e+00
3.515865325927734375e+00
3.503857612609863281e+00
3.526654720306396484e+00
3.534351825714111328e+00
3.537694454193115234e+00
3.533649682998657227e+00
3.498021602630615234e+00
3.502912998199462891e+00
3.531852722167968750e+00
3.514195442199707031e+00
3.496929883956909180e+00
3.494523048400878906e+00
3.505984067916870117e+00
3.525361537933349609e+00
3.528395652770996094e+00
3.546200275421142578e+00
3.520585060119628906e+00
3.532411575317382812e+00
3.535058498382568359e+00
3.534653663635253906e+00
3.559507369995117188e+00
3.529839992523193359e+00
3.508154630661010742e+00
3.544852256774902344e+00
3.540431976318359375e+00
3.528123855590820312e+00
3.534020423889160156e+00
3.540486574172973633e+00
3.553736448287963867e+00
3.547838687896728516e+00
3.556746006011962891e+00
3.545451164245605469e+00
3.547850847244262695e+00
3.565761566162109375e+00
3.548449516296386719e+00
3.539176464080810547e+00
3.558881282806396484e+00
3.572274684906005859e+00
3.574857473373413086e+00
3.593088626861572266e+00
3.566503763198852539e+00
3.567926645278930664e+00
3.577091455459594727e+00
3.577688694000244141e+00
3.563730955123901367e+00
3.572345495223999023e+00
3.481366634368896484e+00
3.475616931915283203e+00
3.492157459259033203e+00
3.497188091278076172e+00
3.518664360046386719e+00
3.519893407821655273e+00
3.487521171569824219e+00
3.494044542312622070e+00
3.496212720870971680e+00
3.537028074264526367e+00
3.520315647125244141e+00
3.502857685089111328e+00
3.491034746170043945e+00
3.521915674209594727e+00
3.513869285583496094e+00
3.524738073348999023e+00
3.537852048873901367e+00
3.537923097610473633e+00
3.499956607818603516e+00
3.477285623550415039e+00
3.480646848678588867e+00
3.521974086761474609e+00
3.509135246276855469e+00
3.502637386322021484e+00
3.502954959869384766e+00
3.483014106750488281e+00
3.500983476638793945e+00
3.503854513168334961e+00
3.507715702056884766e+00
3.499161958694458008e+00
3.499573469161987305e+00
3.515082359313964844e+00
3.553446769714355469e+00
3.542442083358764648e+00
3.536640405654907227e+00
3.529215812683105469e+00
3.522288560867309570e+00
3.527622699737548828e+00
3.566945552825927734e+00
3.529532670974731445e+00
3.489934444427490234e+00
3.528762578964233398e+00
3.533070802688598633e+00
3.539685487747192383e+00
3.538669824600219727e+00
3.573342800140380859e+00
3.512264251708984375e+00
3.549089670181274414e+00
3.532664537429809570e+00
3.523674964904785156e+00
3.527258872985839844e+00
3.563071489334106445e+00
3.531126260757446289e+00
3.526917934417724609e+00
3.543935537338256836e+00
3.561183691024780273e+00
3.571101903915405273e+00
3.587665557861328125e+00
3.579921007156372070e+00
3.582569837570190430e+00
3.578253030776977539e+00
3.580995798110961914e+00
3.527667760848999023e+00
3.496761322021484375e+00
3.440650463104248047e+00
3.449327468872070312e+00
3.490983009338378906e+00
3.517109394073486328e+00
3.523370265960693359e+00
3.536517143249511719e+00
3.513985395431518555e+00
3.488075733184814453e+00
3.496438264846801758e+00
3.473736047744750977e+00
3.486099720001220703e+00
3.520373344421386719e+00
3.519740581512451172e+00
3.486535549163818359e+00
3.502148628234863281e+00
3.520950794219970703e+00
3.545325517654418945e+00
3.547512292861938477e+00
3.495602846145629883e+00
3.498570919036865234e+00
3.525302171707153320e+00
3.508354187011718750e+00
3.475747585296630859e+00
3.473054170608520508e+00
3.479379892349243164e+00
3.527814388275146484e+00
3.521798849105834961e+00
3.519954442977905273e+00
3.516593694686889648e+00
3.503482580184936523e+00
3.507737159729003906e+00
3.513589859008789062e+00
3.544371843338012695e+00
3.556802988052368164e+00
3.529873371124267578e+00
3.523881673812866211e+00
3.510664701461791992e+00
3.540633916854858398e+00
3.534225702285766602e+00
3.507321119308471680e+00
3.508082389831542969e+00
3.516576528549194336e+00
3.532376766204833984e+00
3.572662115097045898e+00
3.560405015945434570e+00
3.570205926895141602e+00
3.574514150619506836e+00
3.542780399322509766e+00
3.510380029678344727e+00
3.534691333770751953e+00
3.549241781234741211e+00
3.545112848281860352e+00
3.548467159271240234e+00
3.551767349243164062e+00
3.562684535980224609e+00
3.553527116775512695e+00
3.548862218856811523e+00
3.560132980346679688e+00
3.566480875015258789e+00
3.589368820190429688e+00
3.531463623046875000e+00
3.510178089141845703e+00
3.476441621780395508e+00
3.483857870101928711e+00
3.489307641983032227e+00
3.495781660079956055e+00
3.524779558181762695e+00
3.516227483749389648e+00
3.512999773025512695e+00
3.504671096801757812e+00
3.485895633697509766e+00
3.468029737472534180e+00
3.519530773162841797e+00
3.500622034072875977e+00
3.472638607025146484e+00
3.478092908859252930e+00
3.490925073623657227e+00
3.486799001693725586e+00
3.506290435791015625e+00
3.524829149246215820e+00
3.517502784729003906e+00
3.500900745391845703e+00
3.508341073989868164e+00
3.512828588485717773e+00
3.512492656707763672e+00
3.503160953521728516e+00
3.514022827148437500e+00
3.540162801742553711e+00
3.550172090530395508e+00
3.542295217514038086e+00
3.541956901550292969e+00
3.524675846099853516e+00
3.513422489166259766e+00
3.526541948318481445e+00
3.523947954177856445e+00
3.511120796203613281e+00
3.538392782211303711e+00
3.545302629470825195e+00
3.502049446105957031e+00
3.550214290618896484e+00
3.535503864288330078e+00
3.516137361526489258e+00
3.511701107025146484e+00
3.520761251449584961e+00
3.546113252639770508e+00
3.524536132812500000e+00
3.540072679519653320e+00
3.533199071884155273e+00
3.585567712783813477e+00
3.568943262100219727e+00
3.544255018234252930e+00
3.535189390182495117e+00
3.535483598709106445e+00
3.548642635345458984e+00
3.565472126007080078e+00
3.563137531280517578e+00
3.552083969116210938e+00
3.558563947677612305e+00
3.559911012649536133e+00
3.550430059432983398e+00
3.505362749099731445e+00
3.491099357604980469e+00
3.501424312591552734e+00
3.472453117370605469e+00
3.494618177413940430e+00
3.539896249771118164e+00
3.510000228881835938e+00
3.501863241195678711e+00
3.515443325042724609e+00
3.493095874786376953e+00
3.493828296661376953e+00
3.503494977951049805e+00
3.533922672271728516e+00
3.522430658340454102e+00
3.484155178070068359e+00
3.509975433349609375e+00
3.510974884033203125e+00
3.511884927749633789e+00
3.486206531524658203e+00
3.497748851776123047e+00
3.517776489257812500e+00
3.526604652404785156e+00
3.513118267059326172e+00
3.525111675262451172e+00
3.490529775619506836e+00
3.472518444061279297e+00
3.485648155212402344e+00
3.525529384613037109e+00
3.503186464309692383e+00
3.545541048049926758e+00
3.537000179290771484e+00
3.513168573379516602e+00
3.526090383529663086e+00
3.537267208099365234e+00
3.509154558181762695e+00
3.509457111358642578e+00
3.546815395355224609e+00
3.547632455825805664e+00
3.518695831298828125e+00
3.534095048904418945e+00
3.528802871704101562e+00
3.546561002731323242e+00
3.526024341583251953e+00
3.544577836990356445e+00
3.511576890945434570e+00
3.527652263641357422e+00
3.539786815643310547e+00
3.552936553955078125e+00
3.551720857620239258e+00
3.579084634780883789e+00
3.553876638412475586e+00
3.541086435317993164e+00
3.533507108688354492e+00
3.547559022903442383e+00
3.564783811569213867e+00
3.566893339157104492e+00
3.546025514602661133e+00
3.575249433517456055e+00
3.488659620285034180e+00
3.485980272293090820e+00
3.514417648315429688e+00
3.511062860488891602e+00
3.522231578826904297e+00
3.505109071731567383e+00
3.493132352828979492e+00
3.458099603652954102e+00
3.474360466003417969e+00
3.524829626083374023e+00
3.515081882476806641e+00
3.509817361831665039e+00
3.506846189498901367e+00
3.510988950729370117e+00
3.523596525192260742e+00
3.499951124191284180e+00
3.532045364379882812e+00
3.528860807418823242e+00
3.517870664596557617e+00
3.505617856979370117e+00
3.482099533081054688e+00
3.501851081848144531e+00
3.523604631423950195e+00
3.509460687637329102e+00
3.520056962966918945e+00
3.520507097244262695e+00
3.499956607818603516e+00
3.510872125625610352e+00
3.521194219589233398e+00
3.517658710479736328e+00
3.530821561813354492e+00
3.541305065155029297e+00
3.520493030548095703e+00
3.508799791336059570e+00
3.531340360641479492e+00
3.510243415832519531e+00
3.510269165039062500e+00
3.538666963577270508e+00
3.558993101119995117e+00
3.531452178955078125e+00
3.553433418273925781e+00
3.546805381774902344e+00
3.529616832733154297e+00
3.573796749114990234e+00
3.532711029052734375e+00
3.535020828247070312e+00
3.539709806442260742e+00
3.555912733078002930e+00
3.545341968536376953e+00
3.542043447494506836e+00
3.562876224517822266e+00
3.579787969589233398e+00
3.546958684921264648e+00
3.542716503143310547e+00
3.541363954544067383e+00
3.582391023635864258e+00
3.594562053680419922e+00
3.573237419128417969e+00
3.519875049591064453e+00
3.547187805175781250e+00
3.566469907760620117e+00
3.571574926376342773e+00
3.490951299667358398e+00
3.513569831848144531e+00
3.511525630950927734e+00
3.495694875717163086e+00
3.468778133392333984e+00
3.489311456680297852e+00
3.480679273605346680e+00
3.508566617965698242e+00
3.488685846328735352e+00
3.479250669479370117e+00
3.473805189132690430e+00
3.477272748947143555e+00
3.494774818420410156e+00
3.501235961914062500e+00
3.508002996444702148e+00
3.518380880355834961e+00
3.515067100524902344e+00
3.507638454437255859e+00
3.519737243652343750e+00
3.511955261230468750e+00
3.539919376373291016e+00
3.531121969223022461e+00
3.524635314941406250e+00
3.503525733947753906e+00
3.527808904647827148e+00
3.549335002899169922e+00
3.546394348144531250e+00
3.557544231414794922e+00
3.528480052947998047e+00
3.532795906066894531e+00
3.540444612503051758e+00
3.526978731155395508e+00
3.510078907012939453e+00
3.523070335388183594e+00
3.521163225173950195e+00
3.543109178543090820e+00
3.544129371643066406e+00
3.513592481613159180e+00
3.555826902389526367e+00
3.531896114349365234e+00
3.530261993408203125e+00
3.505480289459228516e+00
3.513785839080810547e+00
3.547821044921875000e+00
3.537987470626831055e+00
3.549840927124023438e+00
3.570188045501708984e+00
3.566406488418579102e+00
3.541613340377807617e+00
3.535409450531005859e+00
3.549449443817138672e+00
3.569630861282348633e+00
3.502058982849121094e+00
3.506711721420288086e+00
3.501465320587158203e+00
3.518047094345092773e+00
3.526690006256103516e+00
3.531852245330810547e+00
3.548932313919067383e+00
3.526032209396362305e+00
3.474554538726806641e+00
3.469891071319580078e+00
3.475731372833251953e+00
3.482768297195434570e+00
3.483172416687011719e+00
3.508014440536499023e+00
3.493337392807006836e+00
3.515296697616577148e+00
3.488431215286254883e+00
3.478842496871948242e+00
3.528623819351196289e+00
3.527926445007324219e+00
3.528761148452758789e+00
3.520756006240844727e+00
3.517686605453491211e+00
3.501322507858276367e+00
3.515336036682128906e+00
3.535731554031372070e+00
3.538431882858276367e+00
3.530875205993652344e+00
3.509809017181396484e+00
3.526795387268066406e+00
3.540995597839355469e+00
3.550636053085327148e+00
3.539103984832763672e+00
3.526437044143676758e+00
3.554499864578247070e+00
3.544861078262329102e+00
3.519662857055664062e+00
3.512100696563720703e+00
3.539615154266357422e+00
3.534666299819946289e+00
3.557008504867553711e+00
3.559850215911865234e+00
3.522244691848754883e+00
3.552496671676635742e+00
3.533412933349609375e+00
3.538467168807983398e+00
3.524083375930786133e+00
3.543675422668457031e+00
3.538746118545532227e+00
3.546891689300537109e+00
3.565305709838867188e+00
3.575403690338134766e+00
3.543710470199584961e+00
3.539035558700561523e+00
3.532571315765380859e+00
3.505981683731079102e+00
3.487452983856201172e+00
3.497479677200317383e+00
3.518433570861816406e+00
3.561215400695800781e+00
3.551408052444458008e+00
3.488621234893798828e+00
3.466534614562988281e+00
3.494540214538574219e+00
3.466947793960571289e+00
3.450659275054931641e+00
3.503898143768310547e+00
3.529526710510253906e+00
3.525400876998901367e+00
3.542913198471069336e+00
3.542915821075439453e+00
3.544430017471313477e+00
3.547610282897949219e+00
3.542463302612304688e+00
3.520594835281372070e+00
3.519585847854614258e+00
3.504644632339477539e+00
3.499500989913940430e+00
3.516091108322143555e+00
3.499180078506469727e+00
3.539088726043701172e+00
3.528845310211181641e+00
3.519792079925537109e+00
3.516116857528686523e+00
3.514235019683837891e+00
3.548486232757568359e+00
3.540917873382568359e+00
3.546741008758544922e+00
3.546405076980590820e+00
3.530601978302001953e+00
3.521606683731079102e+00
3.517461538314819336e+00
3.529850482940673828e+00
3.522102117538452148e+00
3.582130908966064453e+00
3.538359642028808594e+00
3.532120466232299805e+00
3.512531995773315430e+00
3.533810615539550781e+00
3.549849271774291992e+00
3.548655748367309570e+00
3.538775920867919922e+00
3.505249738693237305e+00
3.529351234436035156e+00
3.565314292907714844e+00
3.580913543701171875e+00
3.533339262008666992e+00
3.535823822021484375e+00
3.524403810501098633e+00
3.524911165237426758e+00
3.520217418670654297e+00
3.520984888076782227e+00
3.528453826904296875e+00
3.489828109741210938e+00
3.472468852996826172e+00
3.492379188537597656e+00
3.495151758193969727e+00
3.458036661148071289e+00
3.510599374771118164e+00
3.545837879180908203e+00
3.540081024169921875e+00
3.563445329666137695e+00
3.514260292053222656e+00
3.506965160369873047e+00
3.534020423889160156e+00
3.559808015823364258e+00
3.538313388824462891e+00
3.546638488769531250e+00
3.513194084167480469e+00
3.528140544891357422e+00
3.523587703704833984e+00
3.513686180114746094e+00
3.531485795974731445e+00
3.537065267562866211e+00
3.539039611816406250e+00
3.515240907669067383e+00
3.526815176010131836e+00
3.526112318038940430e+00
3.539827108383178711e+00
3.516053438186645508e+00
3.545363426208496094e+00
3.544757366180419922e+00
3.522882223129272461e+00
3.532255172729492188e+00
3.526910781860351562e+00
3.555273771286010742e+00
3.537528038024902344e+00
3.571050643920898438e+00
3.541985988616943359e+00
3.546054124832153320e+00
3.542438983917236328e+00
3.564252138137817383e+00
3.575211763381958008e+00
3.559013128280639648e+00
3.512281894683837891e+00
3.533877134323120117e+00
3.524034500122070312e+00
3.518852233886718750e+00
3.543253660202026367e+00
3.530233621597290039e+00
3.523857116699218750e+00
3.525344371795654297e+00
3.535441875457763672e+00
3.508215904235839844e+00
3.489884853363037109e+00
3.500181198120117188e+00
3.527031660079956055e+00
3.485554456710815430e+00
3.507723093032836914e+00
3.535710811614990234e+00
3.555089950561523438e+00
3.526715517044067383e+00
3.501383304595947266e+00
3.519251585006713867e+00
3.493467092514038086e+00
3.523081541061401367e+00
3.532644271850585938e+00
3.512555360794067383e+00
3.509726524353027344e+00
3.498416900634765625e+00
3.509762287139892578e+00
3.525010824203491211e+00
3.532461404800415039e+00
3.526212930679321289e+00
3.515555143356323242e+00
3.482996702194213867e+00
3.503403425216674805e+00
3.531659603118896484e+00
3.537660121917724609e+00
3.550640821456909180e+00
3.541770458221435547e+00
3.517487049102783203e+00
3.532641649246215820e+00
3.563595771789550781e+00
3.495357513427734375e+00
3.539788246154785156e+00
3.546705007553100586e+00
3.569623231887817383e+00
3.552606582641601562e+00
3.560009956359863281e+00
3.560028791427612305e+00
3.562949419021606445e+00
3.489175081253051758e+00
3.495619773864746094e+00
3.517847776412963867e+00
3.546487092971801758e+00
3.548080682754516602e+00
3.531396389007568359e+00
3.568693161010742188e+00
3.550461530685424805e+00
3.527919054031372070e+00
3.563360452651977539e+00
3.515413761138916016e+00
3.505914926528930664e+00
3.500113010406494141e+00
3.485421180725097656e+00
3.555940151214599609e+00
3.575680017471313477e+00
3.564760923385620117e+00
3.487447977066040039e+00
3.507516384124755859e+00
3.505002260208129883e+00
3.510430574417114258e+00
3.519932746887207031e+00
3.526076078414916992e+00
3.503057718276977539e+00
3.522166967391967773e+00
3.515213966369628906e+00
3.530027627944946289e+00
3.538742065429687500e+00
3.545813560485839844e+00
3.529551506042480469e+00
3.511879682540893555e+00
3.527615070343017578e+00
3.506669521331787109e+00
3.539598226547241211e+00
3.557985067367553711e+00
3.538319826126098633e+00
3.581282138824462891e+00
3.548970699310302734e+00
3.507075071334838867e+00
3.523162364959716797e+00
3.558584213256835938e+00
3.560007572174072266e+00
3.562012672424316406e+00
3.565569400787353516e+00
3.493848562240600586e+00
3.477657318115234375e+00
3.486370086669921875e+00
3.494014024734497070e+00
3.518174171447753906e+00
3.496662855148315430e+00
3.532862901687622070e+00
3.548018932342529297e+00
3.551431655883789062e+00
3.584771394729614258e+00
3.579715251922607422e+00
3.545866727828979492e+00
3.507565975189208984e+00
3.496241569519042969e+00
3.482558965682983398e+00
3.551269769668579102e+00
3.599670171737670898e+00
3.511208534240722656e+00
3.495727300643920898e+00
3.487280368804931641e+00
3.500394105911254883e+00
3.516900539398193359e+00
3.510140419006347656e+00
3.507329702377319336e+00
3.522141695022583008e+00
3.520809650421142578e+00
3.508357524871826172e+00
3.525461673736572266e+00
3.538310527801513672e+00
3.512793540954589844e+00
3.509769916534423828e+00
3.518169641494750977e+00
3.495945453643798828e+00
3.524016141891479492e+00
3.551079273223876953e+00
3.569629907608032227e+00
3.540327548980712891e+00
3.557159900665283203e+00
3.526102304458618164e+00
3.519339799880981445e+00
3.542707443237304688e+00
3.553925275802612305e+00
3.564053058624267578e+00
3.534728527069091797e+00
3.537879228591918945e+00
3.562191247940063477e+00
3.551656484603881836e+00
3.537390470504760742e+00
3.553319215774536133e+00
3.562704563140869141e+00
3.574050903320312500e+00
3.571844100952148438e+00
3.555475711822509766e+00
3.542291164398193359e+00
3.540604829788208008e+00
3.494051456451416016e+00
3.542117118835449219e+00
3.517913818359375000e+00
3.510055303573608398e+00
3.514976263046264648e+00
3.497733592987060547e+00
3.482970714569091797e+00
3.481593608856201172e+00
3.503109455108642578e+00
3.486510038375854492e+00
3.498918056488037109e+00
3.502047538757324219e+00
3.515207767486572266e+00
3.531698942184448242e+00
3.528144121170043945e+00
3.537312269210815430e+00
3.530180454254150391e+00
3.531117200851440430e+00
3.490830659866333008e+00
3.508989810943603516e+00
3.578120946884155273e+00
3.533016920089721680e+00
3.532701015472412109e+00
3.550184488296508789e+00
3.554345846176147461e+00
3.536903381347656250e+00
3.520626068115234375e+00
3.562603235244750977e+00
3.564530372619628906e+00
3.543334007263183594e+00
3.543786287307739258e+00
3.529131650924682617e+00
3.531595945358276367e+00
3.544355630874633789e+00
3.535317659378051758e+00
3.531935453414916992e+00
3.520357847213745117e+00
3.511763572692871094e+00
3.511106491088867188e+00
3.516430854797363281e+00
3.501687049865722656e+00
3.513281583786010742e+00
3.515049219131469727e+00
3.517690420150756836e+00
3.507563114166259766e+00
3.503096103668212891e+00
3.467490434646606445e+00
3.489888191223144531e+00
3.496857643127441406e+00
3.513853788375854492e+00
3.512529134750366211e+00
3.518028497695922852e+00
3.536154031753540039e+00
3.539606571197509766e+00
3.541572332382202148e+00
3.533512592315673828e+00
3.553544044494628906e+00
3.545122623443603516e+00
3.538603544235229492e+00
3.540211439132690430e+00
3.529486417770385742e+00
3.501466274261474609e+00
3.516732454299926758e+00
3.519233703613281250e+00
3.519663333892822266e+00
3.519336700439453125e+00
3.537116765975952148e+00
3.537069082260131836e+00
3.521744728088378906e+00
3.501023530960083008e+00
3.532542467117309570e+00
3.543873786926269531e+00
3.510033607482910156e+00
3.499890089035034180e+00
3.494691610336303711e+00
3.488904714584350586e+00
3.525580167770385742e+00
3.507411479949951172e+00
3.508567094802856445e+00
3.516770362854003906e+00
3.498969793319702148e+00
3.506072521209716797e+00
3.520037651062011719e+00
3.517351627349853516e+00
3.525942564010620117e+00
3.541031599044799805e+00
3.512717008590698242e+00
3.557586193084716797e+00
3.579452276229858398e+00
3.531291246414184570e+00
3.509434938430786133e+00
3.515536069869995117e+00
3.531140565872192383e+00
3.513823509216308594e+00
3.507746934890747070e+00
3.540802955627441406e+00
3.532563924789428711e+00
3.519097566604614258e+00
3.517212390899658203e+00
3.512129068374633789e+00
3.510959863662719727e+00
3.515284776687622070e+00
3.499333620071411133e+00
3.496551275253295898e+00
3.501053810119628906e+00
3.500828981399536133e+00
3.510031461715698242e+00
3.512466430664062500e+00
3.532205581665039062e+00
3.525649785995483398e+00
3.522641420364379883e+00
3.523593902587890625e+00
3.538760423660278320e+00
3.526016712188720703e+00
3.548931837081909180e+00
3.522860050201416016e+00
3.500308752059936523e+00
3.521483659744262695e+00
3.525969505310058594e+00
3.535445928573608398e+00
3.529025554656982422e+00
3.501166582107543945e+00
3.516200780868530273e+00
3.527220487594604492e+00
3.511865377426147461e+00
3.505472183227539062e+00
3.507847547531127930e+00
3.489922523498535156e+00
3.498639822006225586e+00
3.517259836196899414e+00
3.542301177978515625e+00
