5.279286384582519531e+00
5.310326576232910156e+00
5.260189533233642578e+00
5.303264141082763672e+00
5.287811279296875000e+00
5.277554988861083984e+00
5.306080818176269531e+00
5.318267822265625000e+00
5.290728092193603516e+00
5.319060802459716797e+00
5.304944992065429688e+00
5.302932262420654297e+00
5.296561241149902344e+00
5.302338123321533203e+00
5.300232887268066406e+00
5.274851322174072266e+00
5.317716598510742188e+00
5.303219795227050781e+00
5.293077945709228516e+00
5.271574497222900391e+00
5.277596950531005859e+00
5.281552314758300781e+00
5.303452968597412109e+00
5.318897247314453125e+00
5.272360801696777344e+00
5.282080650329589844e+00
5.284252643585205078e+00
5.296537876129150391e+00
5.264432907104492188e+00
5.279011726379394531e+00
5.303244113922119141e+00
5.250610351562500000e+00
5.280094623565673828e+00
5.289225578308105469e+00
5.293571472167968750e+00
5.276579380035400391e+00
5.310481071472167969e+00
5.246997356414794922e+00
5.271049976348876953e+00
5.308492660522460938e+00
5.313695430755615234e+00
5.292681694030761719e+00
5.257248878479003906e+00
5.261991024017333984e+00
5.315258979797363281e+00
5.323029994964599609e+00
5.300429821014404297e+00
5.298914432525634766e+00
5.313702106475830078e+00
5.304877281188964844e+00
5.281697750091552734e+00
5.297739028930664062e+00
5.259458541870117188e+00
5.262625694274902344e+00
5.277806282043457031e+00
5.281424522399902344e+00
5.272315979003906250e+00
5.286000251770019531e+00
5.292883872985839844e+00
5.303901672363281250e+00
5.305960655212402344e+00
5.290605545043945312e+00
5.290166378021240234e+00
5.265729427337646484e+00
5.269942283630371094e+00
5.297533988952636719e+00
5.311514377593994141e+00
5.317655086517333984e+00
5.282155513763427734e+00
5.314134597778320312e+00
5.298681259155273438e+00
5.265135288238525391e+00
5.288797378540039062e+00
5.258667945861816406e+00
5.303675174713134766e+00
5.322942256927490234e+00
5.251824855804443359e+00
5.263136863708496094e+00
5.263768672943115234e+00
5.269330978393554688e+00
5.301509380340576172e+00
5.265101432800292969e+00
5.286159992218017578e+00
5.266074657440185547e+00
5.273368835449218750e+00
5.316607952117919922e+00
5.292946338653564453e+00
5.269775867462158203e+00
5.270196914672851562e+00
5.286136150360107422e+00
5.252207756042480469e+00
5.300635814666748047e+00
5.254364013671875000e+00
5.294306278228759766e+00
5.316740036010742188e+00
5.288222312927246094e+00
5.303413867950439453e+00
5.286691665649414062e+00
5.308812141418457031e+00
5.276659488677978516e+00
5.310009002685546875e+00
5.268345355987548828e+00
5.275489807128906250e+00
5.316877841949462891e+00
5.259583950042724609e+00
5.320457458496093750e+00
5.334785461425781250e+00
5.253992080688476562e+00
5.301387310028076172e+00
5.256008625030517578e+00
5.293558120727539062e+00
5.273778438568115234e+00
5.294907569885253906e+00
5.262838840484619141e+00
5.317408084869384766e+00
5.311000823974609375e+00
5.296594619750976562e+00
5.286475658416748047e+00
5.260415554046630859e+00
5.298051357269287109e+00
5.276310443878173828e+00
5.293514251708984375e+00
5.275465011596679688e+00
5.299784183502197266e+00
5.309850692749023438e+00
5.263552665710449219e+00
5.323233127593994141e+00
5.277045726776123047e+00
5.294512271881103516e+00
5.282908916473388672e+00
5.300684452056884766e+00
5.299499511718750000e+00
5.265223979949951172e+00
5.315087795257568359e+00
5.288993358612060547e+00
5.277959346771240234e+00
5.255373954772949219e+00
5.286132812500000000e+00
5.355125427246093750e+00
5.240494251251220703e+00
5.313649177551269531e+00
5.261346340179443359e+00
5.267369747161865234e+00
5.295375823974609375e+00
5.288285255432128906e+00
5.291495323181152344e+00
5.305119991302490234e+00
5.286917686462402344e+00
5.291785717010498047e+00
5.284145832061767578e+00
5.263547420501708984e+00
5.276624679565429688e+00
5.293231487274169922e+00
5.276305198669433594e+00
5.291704654693603516e+00
5.264971733093261719e+00
5.302307128906250000e+00
5.257602691650390625e+00
5.324257373809814453e+00
5.260331630706787109e+00
5.293292999267578125e+00
5.280211925506591797e+00
5.261789798736572266e+00
5.317063808441162109e+00
5.276866436004638672e+00
5.308077812194824219e+00
5.276862621307373047e+00
5.269863128662109375e+00
5.293527603149414062e+00
5.261973857879638672e+00
5.269290447235107422e+00
5.289648532867431641e+00
5.287728786468505859e+00
5.293300151824951172e+00
5.288140773773193359e+00
5.291598320007324219e+00
5.289953231811523438e+00
5.294865131378173828e+00
5.267459392547607422e+00
5.298786640167236328e+00
5.276571750640869141e+00
5.308968067169189453e+00
5.305376529693603516e+00
5.291514396667480469e+00
5.302841186523437500e+00
5.300508975982666016e+00
5.284255027770996094e+00
5.394997596740722656e+00
5.223394393920898438e+00
5.277502059936523438e+00
5.337727546691894531e+00
5.315409660339355469e+00
5.292160987854003906e+00
5.300852298736572266e+00
5.337166309356689453e+00
5.321094989776611328e+00
5.263460636138916016e+00
5.276680946350097656e+00
5.354443073272705078e+00
5.273645877838134766e+00
5.323107242584228516e+00
5.304255962371826172e+00
5.280605316162109375e+00
5.336381435394287109e+00
5.318145275115966797e+00
5.290945053100585938e+00
5.319631099700927734e+00
5.329244136810302734e+00
5.289165019989013672e+00
5.260678768157958984e+00
5.327173709869384766e+00
5.310793399810791016e+00
5.294264793395996094e+00
5.292809486389160156e+00
5.287512302398681641e+00
5.289003372192382812e+00
5.280049800872802734e+00
5.300044536590576172e+00
5.318668365478515625e+00
5.280510902404785156e+00
5.293783664703369141e+00
5.304037094116210938e+00
5.256983280181884766e+00
5.302802562713623047e+00
5.344326972961425781e+00
5.317377090454101562e+00
5.333036899566650391e+00
5.291123867034912109e+00
5.300261974334716797e+00
5.255609989166259766e+00
5.300422191619873047e+00
5.296732902526855469e+00
5.291965484619140625e+00
5.324698925018310547e+00
5.306063175201416016e+00
5.267118930816650391e+00
5.309937953948974609e+00
5.265986442565917969e+00
5.314981937408447266e+00
5.293931484222412109e+00
5.318218708038330078e+00
5.329075813293457031e+00
5.274384975433349609e+00
5.259770870208740234e+00
5.250235557556152344e+00
5.308731555938720703e+00
5.331546783447265625e+00
5.291234970092773438e+00
5.292523384094238281e+00
5.291900634765625000e+00
5.279999732971191406e+00
5.322409629821777344e+00
5.272531509399414062e+00
5.325768470764160156e+00
5.304095745086669922e+00
5.283692836761474609e+00
5.297729969024658203e+00
5.290704727172851562e+00
5.307182312011718750e+00
5.313446998596191406e+00
5.305471897125244141e+00
5.313939571380615234e+00
5.283380508422851562e+00
5.282229423522949219e+00
5.304356575012207031e+00
5.277558326721191406e+00
5.299522876739501953e+00
5.311858177185058594e+00
5.292075157165527344e+00
5.284602642059326172e+00
5.289487838745117188e+00
5.306571006774902344e+00
5.283360481262207031e+00
5.334688186645507812e+00
5.296132564544677734e+00
5.289647579193115234e+00
5.288634300231933594e+00
5.282278060913085938e+00
5.325248241424560547e+00
5.253565311431884766e+00
5.309627056121826172e+00
5.255177497863769531e+00
5.291342735290527344e+00
5.315933704376220703e+00
5.267469406127929688e+00
5.313402175903320312e+00
5.289791107177734375e+00
5.284005165100097656e+00
5.277010917663574219e+00
5.283272266387939453e+00
5.304942607879638672e+00
5.300616264343261719e+00
5.322292804718017578e+00
5.268392086029052734e+00
5.325651645660400391e+00
5.266188621520996094e+00
5.278946399688720703e+00
5.270195007324218750e+00
5.316814422607421875e+00
5.261209487915039062e+00
5.284245014190673828e+00
5.274969100952148438e+00
5.260701179504394531e+00
5.320546150207519531e+00
5.266163349151611328e+00
5.302088260650634766e+00
5.283897399902343750e+00
5.310681343078613281e+00
5.278616428375244141e+00
5.296619892120361328e+00
5.252335071563720703e+00
5.308131217956542969e+00
5.283443450927734375e+00
5.272758007049560547e+00
5.284207344055175781e+00
5.257645606994628906e+00
5.296932220458984375e+00
5.292223930358886719e+00
5.298650741577148438e+00
5.270636558532714844e+00
5.289034843444824219e+00
5.292792797088623047e+00
5.336770534515380859e+00
5.309091567993164062e+00
5.293950080871582031e+00
5.310253620147705078e+00
5.310587406158447266e+00
5.295361518859863281e+00
5.307460308074951172e+00
5.281244277954101562e+00
5.329400539398193359e+00
5.341037273406982422e+00
5.272051334381103516e+00
5.269853591918945312e+00
5.273673057556152344e+00
5.303844928741455078e+00
5.234963893890380859e+00
5.292750835418701172e+00
5.295266628265380859e+00
5.292640686035156250e+00
5.286787509918212891e+00
5.263394355773925781e+00
5.273128986358642578e+00
5.308039188385009766e+00
5.257678508758544922e+00
5.311285018920898438e+00
5.278640747070312500e+00
5.321393013000488281e+00
5.279675960540771484e+00
5.272052764892578125e+00
5.281983852386474609e+00
5.271095752716064453e+00
5.282254219055175781e+00
5.301839351654052734e+00
5.289836883544921875e+00
5.304621696472167969e+00
5.294415473937988281e+00
5.256165981292724609e+00
5.306099414825439453e+00
5.303177356719970703e+00
5.278408050537109375e+00
5.305381298065185547e+00
5.295688152313232422e+00
5.304115772247314453e+00
5.283961772918701172e+00
5.296956062316894531e+00
5.303701400756835938e+00
5.290722846984863281e+00
5.276766777038574219e+00
5.271085739135742188e+00
5.281583786010742188e+00
5.270799636840820312e+00
5.283622264862060547e+00
5.291866302490234375e+00
5.297950744628906250e+00
5.300328254699707031e+00
5.257912635803222656e+00
5.332329750061035156e+00
5.280069828033447266e+00
5.260010719299316406e+00
5.310127735137939453e+00
5.321397781372070312e+00
5.257544517517089844e+00
5.321900844573974609e+00
5.261637687683105469e+00
5.272765636444091797e+00
5.280327320098876953e+00
5.292671203613281250e+00
5.282891750335693359e+00
5.296731948852539062e+00
5.283852577209472656e+00
5.285649299621582031e+00
5.279439449310302734e+00
5.267007350921630859e+00
5.302929401397705078e+00
5.272852420806884766e+00
5.288572788238525391e+00
5.278361320495605469e+00
5.311104774475097656e+00
5.295289993286132812e+00
5.283209323883056641e+00
5.267877578735351562e+00
5.312008380889892578e+00
5.269950866699218750e+00
5.310049533843994141e+00
5.317995548248291016e+00
5.276497840881347656e+00
5.289381027221679688e+00
5.259249687194824219e+00
5.294242382049560547e+00
5.274222373962402344e+00
5.310480117797851562e+00
5.279931545257568359e+00
5.289695262908935547e+00
5.271402835845947266e+00
5.284309864044189453e+00
5.261811733245849609e+00
5.289088726043701172e+00
5.295941829681396484e+00
5.265193939208984375e+00
5.306312084197998047e+00
5.261255741119384766e+00
5.294790267944335938e+00
5.272747039794921875e+00
5.299849510192871094e+00
5.284069538116455078e+00
5.293774604797363281e+00
5.296612262725830078e+00
5.273397922515869141e+00
5.312394618988037109e+00
5.257413864135742188e+00
5.280791759490966797e+00
5.297971248626708984e+00
5.289484500885009766e+00
5.269856452941894531e+00
5.314083576202392578e+00
5.259072303771972656e+00
5.298551559448242188e+00
5.296297550201416016e+00
5.318243980407714844e+00
5.320943355560302734e+00
5.292037963867187500e+00
5.309795379638671875e+00
5.316441059112548828e+00
5.267661094665527344e+00
5.261257648468017578e+00
5.291144371032714844e+00
5.287262439727783203e+00
5.264575481414794922e+00
5.260134220123291016e+00
5.286357879638671875e+00
5.276628494262695312e+00
5.297084808349609375e+00
5.298323154449462891e+00
5.289670944213867188e+00
5.301171302795410156e+00
5.303452968597412109e+00
5.271105766296386719e+00
5.306945323944091797e+00
5.290285110473632812e+00
5.266313552856445312e+00
5.318176746368408203e+00
5.267178535461425781e+00
5.276109218597412109e+00
5.300784587860107422e+00
5.288914680480957031e+00
5.289683341979980469e+00
5.299809932708740234e+00
5.260358810424804688e+00
5.278895378112792969e+00
5.328124523162841797e+00
5.279435157775878906e+00
5.271659851074218750e+00
5.294686794281005859e+00
5.309369564056396484e+00
5.257927894592285156e+00
5.310198783874511719e+00
5.323116779327392578e+00
5.263360977172851562e+00
5.283490657806396484e+00
5.296676635742187500e+00
5.292395114898681641e+00
5.298974514007568359e+00
5.274794101715087891e+00
5.301151752471923828e+00
5.299529552459716797e+00
5.313440799713134766e+00
5.293880462646484375e+00
5.325572490692138672e+00
5.327487945556640625e+00
5.309712886810302734e+00
5.267127513885498047e+00
5.317989826202392578e+00
5.300336360931396484e+00
5.307610034942626953e+00
5.272226810455322266e+00
5.284320831298828125e+00
5.282837867736816406e+00
5.292545795440673828e+00
5.295168399810791016e+00
5.304559230804443359e+00
5.250173568725585938e+00
5.307717323303222656e+00
5.282154083251953125e+00
5.258764743804931641e+00
5.288188457489013672e+00
5.296537399291992188e+00
5.293450832366943359e+00
5.306984901428222656e+00
5.302638053894042969e+00
5.305000782012939453e+00
5.263386726379394531e+00
5.264617919921875000e+00
5.295223236083984375e+00
5.275863170623779297e+00
5.286462783813476562e+00
5.275918006896972656e+00
5.309314250946044922e+00
5.292319297790527344e+00
5.295873165130615234e+00
5.253706932067871094e+00
5.281696319580078125e+00
5.261905670166015625e+00
5.295564651489257812e+00
5.289262294769287109e+00
5.309454441070556641e+00
5.264328479766845703e+00
5.285373687744140625e+00
5.253421783447265625e+00
5.274929046630859375e+00
5.283629894256591797e+00
5.291263580322265625e+00
5.284757614135742188e+00
5.299078941345214844e+00
5.259996414184570312e+00
5.290076732635498047e+00
5.271796703338623047e+00
5.280926704406738281e+00
5.274865627288818359e+00
5.291644573211669922e+00
5.298313617706298828e+00
5.302001953125000000e+00
5.313072204589843750e+00
5.304795265197753906e+00
5.283819198608398438e+00
5.346993446350097656e+00
5.298960685729980469e+00
5.269682884216308594e+00
5.284715175628662109e+00
5.290785789489746094e+00
5.291452407836914062e+00
5.304506778717041016e+00
5.280378818511962891e+00
5.319470405578613281e+00
5.249279022216796875e+00
5.271679878234863281e+00
5.328661441802978516e+00
5.274742603302001953e+00
5.285864830017089844e+00
5.290119171142578125e+00
5.275433063507080078e+00
5.258997917175292969e+00
5.272784709930419922e+00
5.282066345214843750e+00
5.269091606140136719e+00
5.297103881835937500e+00
5.287964820861816406e+00
5.278024196624755859e+00
5.282114028930664062e+00
5.291788101196289062e+00
5.308019161224365234e+00
5.289740562438964844e+00
5.315869331359863281e+00
5.249420166015625000e+00
5.306397438049316406e+00
5.245768547058105469e+00
5.287847518920898438e+00
5.267385005950927734e+00
5.280113220214843750e+00
5.301421642303466797e+00
5.289632797241210938e+00
5.269313812255859375e+00
5.279912948608398438e+00
5.303488731384277344e+00
5.297356605529785156e+00
5.300563335418701172e+00
5.306663513183593750e+00
5.309067249298095703e+00
5.312399387359619141e+00
5.259204864501953125e+00
5.274214744567871094e+00
5.290582180023193359e+00
5.291374206542968750e+00
5.289250373840332031e+00
5.299300193786621094e+00
5.270894050598144531e+00
5.315805435180664062e+00
5.271811485290527344e+00
5.280231952667236328e+00
5.278533458709716797e+00
5.327614784240722656e+00
5.286375999450683594e+00
5.274103641510009766e+00
5.279982566833496094e+00
5.265964508056640625e+00
5.320615291595458984e+00
5.320632934570312500e+00
5.291195392608642578e+00
5.300429821014404297e+00
5.280984878540039062e+00
5.290142059326171875e+00
5.337943077087402344e+00
5.255160331726074219e+00
5.314743041992187500e+00
5.293433189392089844e+00
5.304831504821777344e+00
5.285392761230468750e+00
5.286919116973876953e+00
5.269275188446044922e+00
5.276690959930419922e+00
5.293499469757080078e+00
5.282094001770019531e+00
5.273920536041259766e+00
5.289930343627929688e+00
5.280767917633056641e+00
5.265656948089599609e+00
5.293538093566894531e+00
5.302972316741943359e+00
5.315402507781982422e+00
5.259465694427490234e+00
5.296191692352294922e+00
5.267850875854492188e+00
5.278759956359863281e+00
5.281464099884033203e+00
5.259872913360595703e+00
5.305720329284667969e+00
5.304485797882080078e+00
5.290596961975097656e+00
5.277959823608398438e+00
5.274322509765625000e+00
5.289024829864501953e+00
5.299031257629394531e+00
5.283000946044921875e+00
5.297473430633544922e+00
5.280164718627929688e+00
5.293191909790039062e+00
5.296358585357666016e+00
5.274771690368652344e+00
5.285708427429199219e+00
5.289867401123046875e+00
5.294680118560791016e+00
5.287165641784667969e+00
5.319553852081298828e+00
5.261909961700439453e+00
5.292816162109375000e+00
5.306003570556640625e+00
5.278506755828857422e+00
5.285603046417236328e+00
5.307941913604736328e+00
5.281204700469970703e+00
5.275977134704589844e+00
5.300120830535888672e+00
5.325988769531250000e+00
5.262071132659912109e+00
5.292997837066650391e+00
5.344055652618408203e+00
5.283034324645996094e+00
5.241278648376464844e+00
5.274588108062744141e+00
5.269964694976806641e+00
5.288236618041992188e+00
5.284485340118408203e+00
5.280374050140380859e+00
5.316763877868652344e+00
5.279449939727783203e+00
5.262434005737304688e+00
5.305212497711181641e+00
5.294194698333740234e+00
5.290406703948974609e+00
5.283383846282958984e+00
5.247020244598388672e+00
5.255880832672119141e+00
5.266080379486083984e+00
5.284078121185302734e+00
5.279834270477294922e+00
5.280675888061523438e+00
5.284471035003662109e+00
5.312507629394531250e+00
5.265676498413085938e+00
5.287189006805419922e+00
5.281957626342773438e+00
5.272432327270507812e+00
5.309536457061767578e+00
5.300590991973876953e+00
5.293526649475097656e+00
5.286482810974121094e+00
5.284576892852783203e+00
5.277049541473388672e+00
5.285304069519042969e+00
5.290710926055908203e+00
5.292376041412353516e+00
5.274077415466308594e+00
5.281068801879882812e+00
5.288535118103027344e+00
5.281077384948730469e+00
5.277560710906982422e+00
5.294945716857910156e+00
5.293320655822753906e+00
5.313266754150390625e+00
5.261605739593505859e+00
5.289036273956298828e+00
5.275321960449218750e+00
5.307287216186523438e+00
5.264126777648925781e+00
5.322413921356201172e+00
5.291088104248046875e+00
5.279741764068603516e+00
5.282337188720703125e+00
5.272822856903076172e+00
5.275700569152832031e+00
5.316295146942138672e+00
5.298011302947998047e+00
5.298347949981689453e+00
5.250262737274169922e+00
5.289569854736328125e+00
5.274783134460449219e+00
5.290097236633300781e+00
5.293341159820556641e+00
5.322847366333007812e+00
5.303658485412597656e+00
5.312982082366943359e+00
5.333143711090087891e+00
5.287300586700439453e+00
5.295321941375732422e+00
5.334824085235595703e+00
5.263507366180419922e+00
5.297700405120849609e+00
5.286548614501953125e+00
5.264643192291259766e+00
5.279476642608642578e+00
5.278506755828857422e+00
5.253976821899414062e+00
5.290281772613525391e+00
5.281306266784667969e+00
5.301756858825683594e+00
5.280658245086669922e+00
5.257277011871337891e+00
5.301958560943603516e+00
5.283221244812011719e+00
5.282567501068115234e+00
5.289333820343017578e+00
5.288942337036132812e+00
5.257388591766357422e+00
5.301871776580810547e+00
5.261523723602294922e+00
5.288421630859375000e+00
5.293637275695800781e+00
5.275213241577148438e+00
5.304191112518310547e+00
5.278909683227539062e+00
5.255848884582519531e+00
5.279160499572753906e+00
5.273511409759521484e+00
5.301809310913085938e+00
5.300712108612060547e+00
5.294457435607910156e+00
5.251498222351074219e+00
5.305612087249755859e+00
5.301465511322021484e+00
5.283724784851074219e+00
5.257577419281005859e+00
5.271873474121093750e+00
5.285042762756347656e+00
5.277236461639404297e+00
5.277719020843505859e+00
5.305657386779785156e+00
5.282628536224365234e+00
5.286906719207763672e+00
5.287584781646728516e+00
5.302405357360839844e+00
5.280649662017822266e+00
5.294359207153320312e+00
5.282988548278808594e+00
5.300436496734619141e+00
5.291903495788574219e+00
5.302814960479736328e+00
5.295877933502197266e+00
5.278811931610107422e+00
5.273660182952880859e+00
5.304406166076660156e+00
5.313752651214599609e+00
5.335700035095214844e+00
5.273078441619873047e+00
5.279235839843750000e+00
5.294936656951904297e+00
5.270746231079101562e+00
5.303386688232421875e+00
5.297615528106689453e+00
5.312399864196777344e+00
5.266436576843261719e+00
5.290704727172851562e+00
5.300438880920410156e+00
5.281451225280761719e+00
5.289010047912597656e+00
5.305272102355957031e+00
5.302443504333496094e+00
5.270018577575683594e+00
5.303585529327392578e+00
5.288620471954345703e+00
5.267372608184814453e+00
5.279360294342041016e+00
5.295507431030273438e+00
5.277575969696044922e+00
5.283427715301513672e+00
5.279957771301269531e+00
5.313049793243408203e+00
5.261731624603271484e+00
5.305964469909667969e+00
5.281074523925781250e+00
5.312203407287597656e+00
5.293049335479736328e+00
5.293600082397460938e+00
5.257087707519531250e+00
5.303947925567626953e+00
5.253683090209960938e+00
5.299300193786621094e+00
5.269543170928955078e+00
5.320246219635009766e+00
5.267573356628417969e+00
5.274086952209472656e+00
5.314626216888427734e+00
5.271527290344238281e+00
5.276272773742675781e+00
5.295372009277343750e+00
5.278156280517578125e+00
5.303451061248779297e+00
5.271959781646728516e+00
5.290945529937744141e+00
5.251793384552001953e+00
5.286772251129150391e+00
5.304316520690917969e+00
5.257943153381347656e+00
5.286350250244140625e+00
5.290034294128417969e+00
5.259389877319335938e+00
5.305072784423828125e+00
5.316770553588867188e+00
5.312248706817626953e+00
5.264918804168701172e+00
5.280539512634277344e+00
5.280927181243896484e+00
5.320061683654785156e+00
5.273757457733154297e+00
5.311735630035400391e+00
5.272330284118652344e+00
5.245287418365478516e+00
5.301340103149414062e+00
5.285259723663330078e+00
5.294507503509521484e+00
5.286921977996826172e+00
5.290553092956542969e+00
5.297972679138183594e+00
5.306265830993652344e+00
5.278570652008056641e+00
5.267890453338623047e+00
5.330029964447021484e+00
5.257239341735839844e+00
5.273056983947753906e+00
5.279933929443359375e+00
5.253166675567626953e+00
5.261358261108398438e+00
5.303779125213623047e+00
5.266150474548339844e+00
5.275947570800781250e+00
5.298618316650390625e+00
5.304043769836425781e+00
5.268698692321777344e+00
5.300347328186035156e+00
5.265213012695312500e+00
5.288114070892333984e+00
5.264319419860839844e+00
5.295603275299072266e+00
5.273212909698486328e+00
5.263716697692871094e+00
5.296563148498535156e+00
5.303872585296630859e+00
5.284547805786132812e+00
5.316590785980224609e+00
5.261093616485595703e+00
5.314558029174804688e+00
5.245094776153564453e+00
5.290228843688964844e+00
5.268262386322021484e+00
5.269075393676757812e+00
5.297809123992919922e+00
5.259117603302001953e+00
5.300479888916015625e+00
5.304498195648193359e+00
5.269206047058105469e+00
5.294974803924560547e+00
5.270474910736083984e+00
5.317554473876953125e+00
5.266107559204101562e+00
5.279038429260253906e+00
5.282292366027832031e+00
5.280425548553466797e+00
5.311469554901123047e+00
5.282655715942382812e+00
5.284672260284423828e+00
5.301614761352539062e+00
5.283774375915527344e+00
5.279900550842285156e+00
5.287677288055419922e+00
5.301356315612792969e+00
5.274263381958007812e+00
5.277505397796630859e+00
5.266830444335937500e+00
5.311876773834228516e+00
5.282879829406738281e+00
5.345029354095458984e+00
5.268324375152587891e+00
5.325047016143798828e+00
5.330751895904541016e+00
5.245868206024169922e+00
5.255761146545410156e+00
5.256773471832275391e+00
5.275990962982177734e+00
5.319374084472656250e+00
5.283393383026123047e+00
5.273132801055908203e+00
5.319162845611572266e+00
5.262692451477050781e+00
5.291023731231689453e+00
5.290550231933593750e+00
5.308290481567382812e+00
5.255817413330078125e+00
5.290688514709472656e+00
5.276932239532470703e+00
5.261445999145507812e+00
5.295628547668457031e+00
5.275869369506835938e+00
5.261441230773925781e+00
5.286325454711914062e+00
5.293074131011962891e+00
5.303168773651123047e+00
5.296689987182617188e+00
5.307786941528320312e+00
5.274767398834228516e+00
5.285108566284179688e+00
5.300807476043701172e+00
5.301616191864013672e+00
5.255954265594482422e+00
5.305488109588623047e+00
5.250307559967041016e+00
5.288539886474609375e+00
5.291039943695068359e+00
5.286157131195068359e+00
5.290956020355224609e+00
5.259060859680175781e+00
5.344588279724121094e+00
5.274847984313964844e+00
5.287328243255615234e+00
5.297471523284912109e+00
5.297448158264160156e+00
5.288894176483154297e+00
5.262102603912353516e+00
5.277054786682128906e+00
5.288897037506103516e+00
5.293578147888183594e+00
5.290460109710693359e+00
5.256970882415771484e+00
5.299676418304443359e+00
5.287964820861816406e+00
5.287695884704589844e+00
5.289997100830078125e+00
5.266028881072998047e+00
5.317113876342773438e+00
5.279982566833496094e+00
5.287472724914550781e+00
5.275309562683105469e+00
5.303143978118896484e+00
5.282428264617919922e+00
5.290833473205566406e+00
5.262870311737060547e+00
5.281379222869873047e+00
5.264420032501220703e+00
5.305518627166748047e+00
5.274649143218994141e+00
5.283041954040527344e+00
5.275853157043457031e+00
5.294438362121582031e+00
5.278122901916503906e+00
5.338551998138427734e+00
5.275107383728027344e+00
5.294175624847412109e+00
5.274680137634277344e+00
5.308650970458984375e+00
5.274884700775146484e+00
5.286944389343261719e+00
5.263212203979492188e+00
5.268693923950195312e+00
5.264678001403808594e+00
5.283376693725585938e+00
5.291840553283691406e+00
5.316543579101562500e+00
5.262543201446533203e+00
5.282781600952148438e+00
5.263745307922363281e+00
5.292410373687744141e+00
5.287145614624023438e+00
5.294345378875732422e+00
5.268187046051025391e+00
5.299279689788818359e+00
5.255556106567382812e+00
5.284940719604492188e+00
5.310292720794677734e+00
5.279666423797607422e+00
5.242320537567138672e+00
5.295104503631591797e+00
5.285953998565673828e+00
5.304900169372558594e+00
5.289513587951660156e+00
5.275643348693847656e+00
5.315244674682617188e+00
5.287511348724365234e+00
5.310796260833740234e+00
5.297088623046875000e+00
5.290354728698730469e+00
5.266280174255371094e+00
5.288665771484375000e+00
5.279044151306152344e+00
5.296191215515136719e+00
5.276760578155517578e+00
5.285610675811767578e+00
5.268968582153320312e+00
5.274098396301269531e+00
5.309145927429199219e+00
5.287443161010742188e+00
5.288405418395996094e+00
5.290545463562011719e+00
5.308669567108154297e+00
5.273109912872314453e+00
5.313439369201660156e+00
5.275170803070068359e+00
5.305753707885742188e+00
5.283178806304931641e+00
5.306476593017578125e+00
5.289703845977783203e+00
5.287704944610595703e+00
5.292649269104003906e+00
5.343502521514892578e+00
5.272760391235351562e+00
5.279330730438232422e+00
5.293807506561279297e+00
5.270105361938476562e+00
5.272207736968994141e+00
5.285969257354736328e+00
5.294637203216552734e+00
5.307243347167968750e+00
5.287881851196289062e+00
5.267459392547607422e+00
5.263483047485351562e+00
5.277134418487548828e+00
5.270050048828125000e+00
5.265943527221679688e+00
5.307394504547119141e+00
5.269297599792480469e+00
5.299869060516357422e+00
5.302049636840820312e+00
5.273962974548339844e+00
5.264903545379638672e+00
5.273084640502929688e+00
5.290548324584960938e+00
5.271639347076416016e+00
5.309514045715332031e+00
5.272241592407226562e+00
5.286467552185058594e+00
5.289601802825927734e+00
5.273653030395507812e+00
5.275393962860107422e+00
5.289287567138671875e+00
5.308338165283203125e+00
5.250528812408447266e+00
5.292665958404541016e+00
5.268406391143798828e+00
5.334650039672851562e+00
5.251062393188476562e+00
5.294341087341308594e+00
5.321229934692382812e+00
5.257227897644042969e+00
5.311806201934814453e+00
5.247511386871337891e+00
5.306979656219482422e+00
5.274868011474609375e+00
5.293967247009277344e+00
5.287676334381103516e+00
5.283850669860839844e+00
5.294133663177490234e+00
5.271576404571533203e+00
5.302722454071044922e+00
5.271102428436279297e+00
5.302348613739013672e+00
5.279466629028320312e+00
5.299764633178710938e+00
5.280550956726074219e+00
5.277489662170410156e+00
5.306097984313964844e+00
5.313312053680419922e+00
5.278829574584960938e+00
5.301475048065185547e+00
5.285362243652343750e+00
5.290913581848144531e+00
5.298386573791503906e+00
5.305973529815673828e+00
5.307606697082519531e+00
5.331260204315185547e+00
5.261403083801269531e+00
5.285831451416015625e+00
5.335702419281005859e+00
5.292467594146728516e+00
5.286047935485839844e+00
5.261200428009033203e+00
5.309933662414550781e+00
5.302505016326904297e+00
5.292626380920410156e+00
5.304918289184570312e+00
5.278454303741455078e+00
5.279652595520019531e+00
5.296737670898437500e+00
5.305387020111083984e+00
5.282202720642089844e+00
5.285562515258789062e+00
5.290953159332275391e+00
5.266970157623291016e+00
5.286979198455810547e+00
5.268410205841064453e+00
5.252479553222656250e+00
5.286350727081298828e+00
5.286160945892333984e+00
5.296361923217773438e+00
5.308339595794677734e+00
5.301251411437988281e+00
5.274595737457275391e+00
5.283307552337646484e+00
5.284725666046142578e+00
5.285455703735351562e+00
5.275866031646728516e+00
5.290881156921386719e+00
5.306459903717041016e+00
5.243629932403564453e+00
5.291363716125488281e+00
5.300389766693115234e+00
5.296042919158935547e+00
5.270627498626708984e+00
5.264974117279052734e+00
5.290361881256103516e+00
5.248425006866455078e+00
5.280941963195800781e+00
5.273447990417480469e+00
5.284567832946777344e+00
5.282021999359130859e+00
5.303684234619140625e+00
5.284847259521484375e+00
5.267425537109375000e+00
5.270778656005859375e+00
5.266283988952636719e+00
5.287950038909912109e+00
5.288374423980712891e+00
5.281955242156982422e+00
5.285827159881591797e+00
5.298486232757568359e+00
5.289277553558349609e+00
5.293859004974365234e+00
5.290996551513671875e+00
5.276150703430175781e+00
5.274829387664794922e+00
5.300656318664550781e+00
5.290195465087890625e+00
5.297314643859863281e+00
5.276882648468017578e+00
5.272881984710693359e+00
5.240313529968261719e+00
5.273383140563964844e+00
5.282781600952148438e+00
5.263980388641357422e+00
5.288829326629638672e+00
5.307689666748046875e+00
5.305650234222412109e+00
5.302286624908447266e+00
5.263438701629638672e+00
5.283605575561523438e+00
5.269359111785888672e+00
5.279503822326660156e+00
5.274203300476074219e+00
5.262380599975585938e+00
5.280457496643066406e+00
5.303728580474853516e+00
5.326024532318115234e+00
5.281897544860839844e+00
5.271389484405517578e+00
5.284006118774414062e+00
5.285449981689453125e+00
5.279658317565917969e+00
5.307578086853027344e+00
5.281229496002197266e+00
5.306015491485595703e+00
5.277616024017333984e+00
5.297440528869628906e+00
5.257140159606933594e+00
5.290872573852539062e+00
5.290953636169433594e+00
5.267895221710205078e+00
5.313973903656005859e+00
5.291315555572509766e+00
5.290401935577392578e+00
5.295155048370361328e+00
5.295524120330810547e+00
5.299766540527343750e+00
5.302680969238281250e+00
5.299467563629150391e+00
5.291204929351806641e+00
5.273324966430664062e+00
5.288689613342285156e+00
5.277348518371582031e+00
5.277478218078613281e+00
5.297018051147460938e+00
5.264528751373291016e+00
5.288619518280029297e+00
5.290693759918212891e+00
5.301041603088378906e+00
5.258023738861083984e+00
5.271097660064697266e+00
5.284717559814453125e+00
5.283390998840332031e+00
5.296600341796875000e+00
5.250121593475341797e+00
5.292521476745605469e+00
5.251754283905029297e+00
5.305493831634521484e+00
5.292441844940185547e+00
5.311665534973144531e+00
5.293978214263916016e+00
5.288976192474365234e+00
5.299557685852050781e+00
5.297267436981201172e+00
5.280363559722900391e+00
5.299250602722167969e+00
5.282083034515380859e+00
5.285377025604248047e+00
5.303808689117431641e+00
5.304962158203125000e+00
5.283950328826904297e+00
5.278624534606933594e+00
5.282426357269287109e+00
5.293059349060058594e+00
5.292695999145507812e+00
5.304728984832763672e+00
5.294745922088623047e+00
5.290265083312988281e+00
5.271103858947753906e+00
5.288686752319335938e+00
5.260962009429931641e+00
5.318617820739746094e+00
5.267976284027099609e+00
5.286756515502929688e+00
5.309987068176269531e+00
5.294036865234375000e+00
5.270254611968994141e+00
5.293235778808593750e+00
5.270630836486816406e+00
5.308948040008544922e+00
5.313964843750000000e+00
5.255505561828613281e+00
5.262865543365478516e+00
5.266681671142578125e+00
5.283323287963867188e+00
5.287123203277587891e+00
5.269141197204589844e+00
5.282510757446289062e+00
5.323795318603515625e+00
5.294047832489013672e+00
5.283441543579101562e+00
5.282638072967529297e+00
5.285058021545410156e+00
5.270217418670654297e+00
5.287887573242187500e+00
5.255056381225585938e+00
5.313479900360107422e+00
5.291054248809814453e+00
5.276899814605712891e+00
5.308146953582763672e+00
5.293038845062255859e+00
5.271327495574951172e+00
5.265053272247314453e+00
5.307307243347167969e+00
5.262423515319824219e+00
5.296126365661621094e+00
5.267563819885253906e+00
5.317024707794189453e+00
5.267712593078613281e+00
5.291979789733886719e+00
5.275811195373535156e+00
5.277880191802978516e+00
5.305331707000732422e+00
5.266486167907714844e+00
5.288380146026611328e+00
5.281487941741943359e+00
5.280535697937011719e+00
5.278262615203857422e+00
5.273903846740722656e+00
5.277459144592285156e+00
5.284864902496337891e+00
5.284100532531738281e+00
5.278912067413330078e+00
5.285725593566894531e+00
5.280189514160156250e+00
5.285148620605468750e+00
5.262207984924316406e+00
5.291150093078613281e+00
5.284271240234375000e+00
5.283570289611816406e+00
5.277314186096191406e+00
5.285142898559570312e+00
5.284812927246093750e+00
5.284908771514892578e+00
5.290599822998046875e+00
5.284435272216796875e+00
5.251672744750976562e+00
5.293584823608398438e+00
5.287138938903808594e+00
5.265457630157470703e+00
5.297082424163818359e+00
5.261522769927978516e+00
5.280803680419921875e+00
5.327286720275878906e+00
5.248930931091308594e+00
5.271096706390380859e+00
5.283827781677246094e+00
5.332051277160644531e+00
5.273250579833984375e+00
5.313361644744873047e+00
5.283678054809570312e+00
5.299925804138183594e+00
5.286740779876708984e+00
5.286924839019775391e+00
5.322997570037841797e+00
5.253705501556396484e+00
5.294605731964111328e+00
5.261367797851562500e+00
5.281250000000000000e+00
5.279072284698486328e+00
5.267167091369628906e+00
5.302756786346435547e+00
5.271982669830322266e+00
5.303600788116455078e+00
5.282728195190429688e+00
5.283308506011962891e+00
5.309675693511962891e+00
5.252803802490234375e+00
5.283273696899414062e+00
5.295485019683837891e+00
5.283908843994140625e+00
5.291895389556884766e+00
5.291134834289550781e+00
5.263812065124511719e+00
5.274254322052001953e+00
5.291889667510986328e+00
5.272716045379638672e+00
5.292883396148681641e+00
5.275161743164062500e+00
5.283097267150878906e+00
5.278615474700927734e+00
5.315961360931396484e+00
5.279911994934082031e+00
5.303327083587646484e+00
5.274084568023681641e+00
5.293051242828369141e+00
5.227995395660400391e+00
5.295600414276123047e+00
5.282669544219970703e+00
5.281648635864257812e+00
5.287799835205078125e+00
5.280466556549072266e+00
5.298736572265625000e+00
5.306118488311767578e+00
5.256046295166015625e+00
5.292315483093261719e+00
5.279927253723144531e+00
5.285911560058593750e+00
5.264488697052001953e+00
5.316694259643554688e+00
5.275757312774658203e+00
5.299443721771240234e+00
5.252823352813720703e+00
5.280282020568847656e+00
5.285673141479492188e+00
5.297660827636718750e+00
5.286924839019775391e+00
5.284307479858398438e+00
5.305953502655029297e+00
5.285425186157226562e+00
5.279687404632568359e+00
5.252810955047607422e+00
5.306577682495117188e+00
5.300210952758789062e+00
5.320859432220458984e+00
5.250061511993408203e+00
5.268179416656494141e+00
5.280148506164550781e+00
5.307572841644287109e+00
5.272776126861572266e+00
5.277814865112304688e+00
5.305680751800537109e+00
5.289309978485107422e+00
5.262718200683593750e+00
5.318980693817138672e+00
5.265891551971435547e+00
5.258718967437744141e+00
5.285017013549804688e+00
5.275108337402343750e+00
5.310312271118164062e+00
5.282444953918457031e+00
5.306622505187988281e+00
5.279743194580078125e+00
5.314954757690429688e+00
5.274745941162109375e+00
5.297141075134277344e+00
5.266993522644042969e+00
5.314017772674560547e+00
5.265434741973876953e+00
5.322632312774658203e+00
5.284595489501953125e+00
5.274111270904541016e+00
5.317872047424316406e+00
5.278892517089843750e+00
5.284776210784912109e+00
5.291650295257568359e+00
5.281908512115478516e+00
5.292153835296630859e+00
5.293308258056640625e+00
5.281881332397460938e+00
5.292879581451416016e+00
5.304347038269042969e+00
5.276532173156738281e+00
5.278653621673583984e+00
5.269302368164062500e+00
5.278359889984130859e+00
5.258347511291503906e+00
5.292591571807861328e+00
5.266581535339355469e+00
5.258223056793212891e+00
5.283051490783691406e+00
5.291004180908203125e+00
5.284302234649658203e+00
5.289313793182373047e+00
5.270766735076904297e+00
5.305262565612792969e+00
5.281175136566162109e+00
5.283097267150878906e+00
5.270978927612304688e+00
5.299356937408447266e+00
5.270639419555664062e+00
5.285089492797851562e+00
5.290569782257080078e+00
5.294860363006591797e+00
5.294693470001220703e+00
5.284710884094238281e+00
5.280535221099853516e+00
5.270535469055175781e+00
5.296950817108154297e+00
5.262093067169189453e+00
5.296828746795654297e+00
5.261740684509277344e+00
5.251371383666992188e+00
5.281223773956298828e+00
5.269634723663330078e+00
5.272516727447509766e+00
5.291124820709228516e+00
5.251162052154541016e+00
5.286935806274414062e+00
5.266051769256591797e+00
5.286152839660644531e+00
5.296568870544433594e+00
5.314253807067871094e+00
5.278263568878173828e+00
5.303269386291503906e+00
5.266648769378662109e+00
5.279859542846679688e+00
5.300017833709716797e+00
5.283515930175781250e+00
5.261378765106201172e+00
5.284159660339355469e+00
5.252943992614746094e+00
5.279284000396728516e+00
5.278729915618896484e+00
5.294914722442626953e+00
5.260259628295898438e+00
5.262142658233642578e+00
5.289447784423828125e+00
5.273499011993408203e+00
5.272560596466064453e+00
5.290365219116210938e+00
5.291334152221679688e+00
5.271611213684082031e+00
5.292212486267089844e+00
5.275539875030517578e+00
5.286115646362304688e+00
5.277642250061035156e+00
5.280343055725097656e+00
5.277248859405517578e+00
5.258131027221679688e+00
5.288228511810302734e+00
5.276494026184082031e+00
5.305503845214843750e+00
5.275076866149902344e+00
5.269713878631591797e+00
5.280061244964599609e+00
5.300962448120117188e+00
5.292220115661621094e+00
5.287311553955078125e+00
5.279827117919921875e+00
5.303177833557128906e+00
5.275353908538818359e+00
5.281257152557373047e+00
5.295226573944091797e+00
5.291893482208251953e+00
5.282449245452880859e+00
5.322996139526367188e+00
5.277886390686035156e+00
5.269858360290527344e+00
5.278048038482666016e+00
5.305016040802001953e+00
5.276951313018798828e+00
5.292234420776367188e+00
5.283816814422607422e+00
5.278152942657470703e+00
5.295691013336181641e+00
5.299442291259765625e+00
5.295476436614990234e+00
5.283120155334472656e+00
5.298265457153320312e+00
5.320797443389892578e+00
5.312850475311279297e+00
5.316979408264160156e+00
5.241244792938232422e+00
5.283650875091552734e+00
5.234350681304931641e+00
5.283393383026123047e+00
5.277164459228515625e+00
5.280056476593017578e+00
5.306729316711425781e+00
5.281951904296875000e+00
5.288504600524902344e+00
5.323512077331542969e+00
5.285882949829101562e+00
5.289775848388671875e+00
5.293310165405273438e+00
5.265117168426513672e+00
5.285569190979003906e+00
5.259500503540039062e+00
5.272436141967773438e+00
5.263076305389404297e+00
5.296228885650634766e+00
5.289210796356201172e+00
5.304009437561035156e+00
5.286452293395996094e+00
5.291292667388916016e+00
5.273143291473388672e+00
5.314692020416259766e+00
5.289091110229492188e+00
5.314134597778320312e+00
5.260427951812744141e+00
5.307783126831054688e+00
5.260792255401611328e+00
5.279438972473144531e+00
5.299277305603027344e+00
5.290311336517333984e+00
5.272140979766845703e+00
5.282119274139404297e+00
5.271581649780273438e+00
5.292083740234375000e+00
5.277899742126464844e+00
5.269583702087402344e+00
5.284623622894287109e+00
5.281978607177734375e+00
5.269222736358642578e+00
5.307341098785400391e+00
5.278735637664794922e+00
5.293739795684814453e+00
5.263687133789062500e+00
5.327676773071289062e+00
5.276617527008056641e+00
5.264291286468505859e+00
5.285143852233886719e+00
5.274164676666259766e+00
5.279618740081787109e+00
5.297298431396484375e+00
5.264576435089111328e+00
5.302398204803466797e+00
5.260673046112060547e+00
5.272316932678222656e+00
5.304400920867919922e+00
5.284404277801513672e+00
5.259363174438476562e+00
5.278758049011230469e+00
5.281229496002197266e+00
5.278522014617919922e+00
5.294144153594970703e+00
5.276805877685546875e+00
5.304113388061523438e+00
5.267828464508056641e+00
5.295319557189941406e+00
5.267348766326904297e+00
5.285266399383544922e+00
5.271766662597656250e+00
5.243319988250732422e+00
5.322158813476562500e+00
5.265789031982421875e+00
5.297429561614990234e+00
5.271818161010742188e+00
5.303089618682861328e+00
5.293353557586669922e+00
5.265754222869873047e+00
5.308228015899658203e+00
5.269860267639160156e+00
5.262343883514404297e+00
5.266012668609619141e+00
5.316199302673339844e+00
5.252692222595214844e+00
5.298380851745605469e+00
5.302897453308105469e+00
5.287461757659912109e+00
5.267202854156494141e+00
5.270645618438720703e+00
5.259254455566406250e+00
5.289745330810546875e+00
5.273470401763916016e+00
5.290744781494140625e+00
5.293211460113525391e+00
5.315948486328125000e+00
5.266331672668457031e+00
5.290041446685791016e+00
5.275378704071044922e+00
5.269239425659179688e+00
5.278769493103027344e+00
5.268954277038574219e+00
5.277740955352783203e+00
5.280881404876708984e+00
5.292284488677978516e+00
5.272374629974365234e+00
5.305846691131591797e+00
5.289136409759521484e+00
5.288265705108642578e+00
5.282150268554687500e+00
5.280145645141601562e+00
5.294196128845214844e+00
5.279201984405517578e+00
5.297450065612792969e+00
5.285803318023681641e+00
5.274743080139160156e+00
5.260444164276123047e+00
5.315771102905273438e+00
5.263878345489501953e+00
5.306158542633056641e+00
5.246004581451416016e+00
5.304627418518066406e+00
5.280996322631835938e+00
5.276222705841064453e+00
5.277413368225097656e+00
5.292333602905273438e+00
5.289741039276123047e+00
5.267077445983886719e+00
5.289632320404052734e+00
5.272427558898925781e+00
5.277405738830566406e+00
5.294484138488769531e+00
5.296734333038330078e+00
5.288866996765136719e+00
5.285767555236816406e+00
5.280308246612548828e+00
5.292735576629638672e+00
5.266909122467041016e+00
5.292338371276855469e+00
5.293078422546386719e+00
5.304542064666748047e+00
5.266643047332763672e+00
5.308783054351806641e+00
5.309016704559326172e+00
5.264544486999511719e+00
5.295371532440185547e+00
5.265015125274658203e+00
5.267092704772949219e+00
5.296173095703125000e+00
5.277904033660888672e+00
5.286560535430908203e+00
5.272803306579589844e+00
5.292325973510742188e+00
5.255993366241455078e+00
5.294184207916259766e+00
5.262464046478271484e+00
5.300549030303955078e+00
5.297358036041259766e+00
5.274429798126220703e+00
5.303244113922119141e+00
5.288606166839599609e+00
5.279533386230468750e+00
5.279548168182373047e+00
5.284109592437744141e+00
5.288444519042968750e+00
5.275104045867919922e+00
5.293917655944824219e+00
5.277974128723144531e+00
5.258684158325195312e+00
5.285931587219238281e+00
5.274558067321777344e+00
5.304179191589355469e+00
5.314002037048339844e+00
5.266740322113037109e+00
5.288673400878906250e+00
5.284859657287597656e+00
5.269514560699462891e+00
5.296264648437500000e+00
5.280081748962402344e+00
5.289014816284179688e+00
5.274976253509521484e+00
5.273294925689697266e+00
5.289611816406250000e+00
5.262617588043212891e+00
5.291598796844482422e+00
5.308106899261474609e+00
5.281195163726806641e+00
5.271381378173828125e+00
5.310109615325927734e+00
5.248393058776855469e+00
5.284910202026367188e+00
5.301166057586669922e+00
5.277745246887207031e+00
5.283722400665283203e+00
5.282558441162109375e+00
5.287039756774902344e+00
5.269613742828369141e+00
5.293054103851318359e+00
5.273761749267578125e+00
5.302949428558349609e+00
5.271069526672363281e+00
5.286337375640869141e+00
5.273580551147460938e+00
5.299247741699218750e+00
5.261417865753173828e+00
5.292825222015380859e+00
5.266607761383056641e+00
5.262737274169921875e+00
5.270565032958984375e+00
5.279467105865478516e+00
5.279952526092529297e+00
5.276964187622070312e+00
5.292777061462402344e+00
5.280246257781982422e+00
5.309268474578857422e+00
5.240573406219482422e+00
5.290563106536865234e+00
5.276619911193847656e+00
5.261548995971679688e+00
5.298485279083251953e+00
5.266343593597412109e+00
5.319317817687988281e+00
5.227956295013427734e+00
5.316164016723632812e+00
5.286244869232177734e+00
5.279116630554199219e+00
5.325526237487792969e+00
5.287822723388671875e+00
5.267145633697509766e+00
5.274520397186279297e+00
5.290671348571777344e+00
5.280514240264892578e+00
5.281191349029541016e+00
5.293326377868652344e+00
5.279891490936279297e+00
5.280769824981689453e+00
5.243454456329345703e+00
5.282186985015869141e+00
5.276467323303222656e+00
5.297082424163818359e+00
5.315997123718261719e+00
5.274158000946044922e+00
5.277332782745361328e+00
5.303817272186279297e+00
5.273760795593261719e+00
5.256988048553466797e+00
5.298972606658935547e+00
5.276515483856201172e+00
5.318498611450195312e+00
5.271077156066894531e+00
5.280285835266113281e+00
5.285191535949707031e+00
5.275021076202392578e+00
5.290435314178466797e+00
5.297037601470947266e+00
5.293159961700439453e+00
5.282107353210449219e+00
5.279353618621826172e+00
5.283277988433837891e+00
5.283953666687011719e+00
5.297650337219238281e+00
5.278912067413330078e+00
5.303923130035400391e+00
5.296137332916259766e+00
5.296870231628417969e+00
5.270525932312011719e+00
5.277788162231445312e+00
5.286318302154541016e+00
5.279547691345214844e+00
5.266536235809326172e+00
5.296590328216552734e+00
5.266164302825927734e+00
5.287340641021728516e+00
5.281091213226318359e+00
5.286935329437255859e+00
5.296024799346923828e+00
5.276229381561279297e+00
5.301510810852050781e+00
5.293030261993408203e+00
5.266201972961425781e+00
5.269714832305908203e+00
5.292145252227783203e+00
5.284512519836425781e+00
5.293470382690429688e+00
5.278444290161132812e+00
5.279240131378173828e+00
5.290530681610107422e+00
5.308011054992675781e+00
5.278777599334716797e+00
5.255614757537841797e+00
5.307822227478027344e+00
5.266726016998291016e+00
5.293779850006103516e+00
5.276300430297851562e+00
5.284955978393554688e+00
5.293460845947265625e+00
5.284057617187500000e+00
5.296071529388427734e+00
5.259049892425537109e+00
5.277706623077392578e+00
5.281641483306884766e+00
5.267004013061523438e+00
5.289946556091308594e+00
5.262468338012695312e+00
5.289869308471679688e+00
5.289928913116455078e+00
5.275298595428466797e+00
5.306328296661376953e+00
5.266670227050781250e+00
5.289147853851318359e+00
5.271092414855957031e+00
5.278727054595947266e+00
5.289045333862304688e+00
5.281538009643554688e+00
5.260054111480712891e+00
5.279633045196533203e+00
5.293071269989013672e+00
5.269179344177246094e+00
5.299193382263183594e+00
5.284690380096435547e+00
5.287121772766113281e+00
5.327518463134765625e+00
5.274221897125244141e+00
5.276682376861572266e+00
5.279693603515625000e+00
5.292873859405517578e+00
5.280252933502197266e+00
5.265282154083251953e+00
5.291561603546142578e+00
5.301612854003906250e+00
5.282637119293212891e+00
5.273467540740966797e+00
5.293040752410888672e+00
5.277647018432617188e+00
5.262607097625732422e+00
5.297063350677490234e+00
5.283955574035644531e+00
5.303138732910156250e+00
5.278031349182128906e+00
5.306460857391357422e+00
5.268345355987548828e+00
5.269387722015380859e+00
5.274347782135009766e+00
5.289467334747314453e+00
5.273531436920166016e+00
5.279352664947509766e+00
5.285960197448730469e+00
5.283298015594482422e+00
5.287763595581054688e+00
5.290225982666015625e+00
5.281024456024169922e+00
5.293998718261718750e+00
5.279866695404052734e+00
5.286364078521728516e+00
5.261013031005859375e+00
5.294445991516113281e+00
5.292678356170654297e+00
5.293776512145996094e+00
5.281554222106933594e+00
5.281583309173583984e+00
5.278133869171142578e+00
5.280363559722900391e+00
5.273938179016113281e+00
5.278869628906250000e+00
5.286691665649414062e+00
5.280624389648437500e+00
5.276467800140380859e+00
5.282092571258544922e+00
5.291662693023681641e+00
5.284095764160156250e+00
5.266089916229248047e+00
5.294098854064941406e+00
5.264268875122070312e+00
5.275687217712402344e+00
5.280722618103027344e+00
5.289487838745117188e+00
5.279612541198730469e+00
5.249296665191650391e+00
5.288165569305419922e+00
5.285830497741699219e+00
5.265218257904052734e+00
5.291657447814941406e+00
5.277018547058105469e+00
5.280289649963378906e+00
5.262208938598632812e+00
5.298012256622314453e+00
5.288168907165527344e+00
5.285790443420410156e+00
5.288353919982910156e+00
5.286807060241699219e+00
5.295436382293701172e+00
5.250181198120117188e+00
5.296461105346679688e+00
5.284193038940429688e+00
5.281616210937500000e+00
5.304684638977050781e+00
5.275892257690429688e+00
5.316976547241210938e+00
5.289540767669677734e+00
5.276559829711914062e+00
5.311554908752441406e+00
5.283393859863281250e+00
5.267772674560546875e+00
5.285048961639404297e+00
5.285296440124511719e+00
5.290036678314208984e+00
5.292303562164306641e+00
5.297566413879394531e+00
5.253188610076904297e+00
5.274917125701904297e+00
5.290198326110839844e+00
5.266278266906738281e+00
5.271939754486083984e+00
5.281106472015380859e+00
5.290159702301025391e+00
5.296503067016601562e+00
5.274971008300781250e+00
5.286163330078125000e+00
5.282870292663574219e+00
5.294206142425537109e+00
5.287519454956054688e+00
5.311492919921875000e+00
5.280542850494384766e+00
5.278525352478027344e+00
5.287396430969238281e+00
5.312443256378173828e+00
5.275071144104003906e+00
5.300369262695312500e+00
5.294200897216796875e+00
5.274079322814941406e+00
5.297777652740478516e+00
5.302727222442626953e+00
5.290797233581542969e+00
5.259518146514892578e+00
5.268547534942626953e+00
5.296520233154296875e+00
5.263491153717041016e+00
5.284998893737792969e+00
5.285427093505859375e+00
5.272527694702148438e+00
5.291797637939453125e+00
5.282084465026855469e+00
5.285916328430175781e+00
5.286164760589599609e+00
5.254917144775390625e+00
5.291751861572265625e+00
5.308928966522216797e+00
5.265815258026123047e+00
5.288745880126953125e+00
5.294761657714843750e+00
5.312748432159423828e+00
5.273077011108398438e+00
5.326379776000976562e+00
5.268137454986572266e+00
5.283647060394287109e+00
5.286525726318359375e+00
5.272412776947021484e+00
5.293005943298339844e+00
5.275318145751953125e+00
5.277664184570312500e+00
5.295968532562255859e+00
5.290249824523925781e+00
5.286519050598144531e+00
5.295946121215820312e+00
5.265754699707031250e+00
5.269754886627197266e+00
5.265750885009765625e+00
5.275217533111572266e+00
5.273460388183593750e+00
5.272675514221191406e+00
5.267008781433105469e+00
5.304568290710449219e+00
5.286539554595947266e+00
5.290965080261230469e+00
5.298055648803710938e+00
5.271927356719970703e+00
5.276629447937011719e+00
5.284820079803466797e+00
5.276740550994873047e+00
5.279745578765869141e+00
5.275006771087646484e+00
5.294597148895263672e+00
5.275918006896972656e+00
5.289976119995117188e+00
5.290094852447509766e+00
5.293938159942626953e+00
5.276259422302246094e+00
5.286777019500732422e+00
5.280442714691162109e+00
5.264327526092529297e+00
5.291316986083984375e+00
5.281777858734130859e+00
5.288634300231933594e+00
5.266859531402587891e+00
5.265086650848388672e+00
5.283893108367919922e+00
5.274239063262939453e+00
5.295399188995361328e+00
5.296933174133300781e+00
5.273464202880859375e+00
5.292732238769531250e+00
5.288027286529541016e+00
5.289337158203125000e+00
5.248310089111328125e+00
5.288603782653808594e+00
5.265701770782470703e+00
5.253511905670166016e+00
5.280650615692138672e+00
5.280554771423339844e+00
5.304831504821777344e+00
5.244546890258789062e+00
5.298060894012451172e+00
5.266917228698730469e+00
5.283327102661132812e+00
5.294645786285400391e+00
5.274063587188720703e+00
5.267957687377929688e+00
5.283564090728759766e+00
5.276278972625732422e+00
5.274791717529296875e+00
5.275963306427001953e+00
5.275041103363037109e+00
5.279678821563720703e+00
5.277561187744140625e+00
5.279098987579345703e+00
5.283112525939941406e+00
5.305101394653320312e+00
5.265082359313964844e+00
5.284627914428710938e+00
5.289570808410644531e+00
5.293850898742675781e+00
5.299021720886230469e+00
5.266932010650634766e+00
5.285068988800048828e+00
5.274279117584228516e+00
5.253800868988037109e+00
5.305096149444580078e+00
5.285849094390869141e+00
5.281301975250244141e+00
5.293843746185302734e+00
5.305793762207031250e+00
5.288858890533447266e+00
5.265782356262207031e+00
5.271091938018798828e+00
5.318439006805419922e+00
5.270962238311767578e+00
5.290685653686523438e+00
5.288759708404541016e+00
5.265963077545166016e+00
5.288410186767578125e+00
5.297249317169189453e+00
5.295391559600830078e+00
5.262435436248779297e+00
5.264688014984130859e+00
5.290729522705078125e+00
5.300133228302001953e+00
5.266648292541503906e+00
5.293188571929931641e+00
5.285487651824951172e+00
5.286963462829589844e+00
5.266454219818115234e+00
5.296712875366210938e+00
5.278895378112792969e+00
5.292829513549804688e+00
5.273096561431884766e+00
5.273802280426025391e+00
5.278482437133789062e+00
5.281090259552001953e+00
5.280964374542236328e+00
5.280560016632080078e+00
5.282196044921875000e+00
5.282794952392578125e+00
5.286727905273437500e+00
5.269090175628662109e+00
5.279439449310302734e+00
5.296067714691162109e+00
5.281957626342773438e+00
5.292816162109375000e+00
5.262582302093505859e+00
5.306310176849365234e+00
5.267771244049072266e+00
5.256675720214843750e+00
5.276860237121582031e+00
5.310779094696044922e+00
5.283435344696044922e+00
5.296406745910644531e+00
5.283480644226074219e+00
5.276993751525878906e+00
5.263103008270263672e+00
5.299503803253173828e+00
5.282034397125244141e+00
5.285694122314453125e+00
5.270154476165771484e+00
5.297027587890625000e+00
5.248512744903564453e+00
5.303590774536132812e+00
5.303031921386718750e+00
5.270956039428710938e+00
5.282550334930419922e+00
5.285216331481933594e+00
5.290358066558837891e+00
5.281416893005371094e+00
5.286271572113037109e+00
5.261996746063232422e+00
5.285951614379882812e+00
5.262872695922851562e+00
5.274904727935791016e+00
5.308036327362060547e+00
5.280740737915039062e+00
5.302033424377441406e+00
5.271080970764160156e+00
5.264204978942871094e+00
5.290666580200195312e+00
5.263056278228759766e+00
5.285316467285156250e+00
5.295231342315673828e+00
5.309676170349121094e+00
5.272506713867187500e+00
5.325950622558593750e+00
5.258135318756103516e+00
5.295371532440185547e+00
5.281237125396728516e+00
5.288532733917236328e+00
5.285308361053466797e+00
5.247773170471191406e+00
5.296259880065917969e+00
5.280165195465087891e+00
5.287397861480712891e+00
5.296886920928955078e+00
5.291141986846923828e+00
5.281556606292724609e+00
5.275442123413085938e+00
5.306161880493164062e+00
5.276866912841796875e+00
5.289926528930664062e+00
5.290232658386230469e+00
5.279716968536376953e+00
5.292944431304931641e+00
5.274127483367919922e+00
5.288056850433349609e+00
5.279282093048095703e+00
5.279404640197753906e+00
5.286408901214599609e+00
5.286215782165527344e+00
5.282475471496582031e+00
5.269381999969482422e+00
5.303662300109863281e+00
5.281224250793457031e+00
5.291681766510009766e+00
5.294735431671142578e+00
5.275651931762695312e+00
5.263728141784667969e+00
5.253317356109619141e+00
5.295528411865234375e+00
5.270665168762207031e+00
5.278149127960205078e+00
5.289319992065429688e+00
5.275706768035888672e+00
5.281692028045654297e+00
5.269028186798095703e+00
5.297188282012939453e+00
5.278545379638671875e+00
5.279603958129882812e+00
5.284300804138183594e+00
5.305891990661621094e+00
5.280993938446044922e+00
5.281710624694824219e+00
5.280744552612304688e+00
5.258807182312011719e+00
5.296560764312744141e+00
5.292638778686523438e+00
5.288402080535888672e+00
5.275271892547607422e+00
5.297698974609375000e+00
5.273631572723388672e+00
5.287174224853515625e+00
5.273183822631835938e+00
5.279462814331054688e+00
5.300640583038330078e+00
5.263265609741210938e+00
5.273398399353027344e+00
5.301662921905517578e+00
5.266025543212890625e+00
5.276865005493164062e+00
5.270483970642089844e+00
5.292567253112792969e+00
5.283955574035644531e+00
5.285609245300292969e+00
5.267929077148437500e+00
5.296168804168701172e+00
5.276600360870361328e+00
5.277796745300292969e+00
5.280439853668212891e+00
5.277825832366943359e+00
5.295204162597656250e+00
5.287465572357177734e+00
5.261029720306396484e+00
5.264382362365722656e+00
5.281006813049316406e+00
5.275101661682128906e+00
5.292362689971923828e+00
5.260446071624755859e+00
5.283378124237060547e+00
5.313516139984130859e+00
5.282956600189208984e+00
5.294574260711669922e+00
5.264379024505615234e+00
5.289727210998535156e+00
5.298508644104003906e+00
5.278735160827636719e+00
5.282814979553222656e+00
5.287282466888427734e+00
5.275304794311523438e+00
5.290867805480957031e+00
5.285342216491699219e+00
5.271297931671142578e+00
5.287011623382568359e+00
5.268312454223632812e+00
5.318861484527587891e+00
5.274295330047607422e+00
5.289589881896972656e+00
5.261390686035156250e+00
5.287524700164794922e+00
5.271459579467773438e+00
5.335118770599365234e+00
5.258815765380859375e+00
5.243126869201660156e+00
5.271132469177246094e+00
5.285674095153808594e+00
5.273890972137451172e+00
5.257963657379150391e+00
5.316007137298583984e+00
5.271378517150878906e+00
5.286323070526123047e+00
5.296340465545654297e+00
5.286077499389648438e+00
5.264856338500976562e+00
5.277416229248046875e+00
5.297931671142578125e+00
5.278874397277832031e+00
5.299305438995361328e+00
5.269392967224121094e+00
5.261803627014160156e+00
5.285577297210693359e+00
5.280356884002685547e+00
5.280831813812255859e+00
5.274396896362304688e+00
5.287438392639160156e+00
5.296472072601318359e+00
5.278925895690917969e+00
5.276412010192871094e+00
5.285481452941894531e+00
5.291215419769287109e+00
5.269430637359619141e+00
5.290062904357910156e+00
5.287882328033447266e+00
5.291224479675292969e+00
5.287561893463134766e+00
5.297294139862060547e+00
5.280346393585205078e+00
5.277270317077636719e+00
5.279034137725830078e+00
5.264655113220214844e+00
5.315938472747802734e+00
5.277093410491943359e+00
5.292044162750244141e+00
5.280884742736816406e+00
5.287038326263427734e+00
5.263451576232910156e+00
5.301547527313232422e+00
5.296264171600341797e+00
5.297145843505859375e+00
5.262208461761474609e+00
5.293063163757324219e+00
5.284638404846191406e+00
5.287514209747314453e+00
5.277031421661376953e+00
5.258746147155761719e+00
5.309453964233398438e+00
5.290406703948974609e+00
5.275270462036132812e+00
5.291590690612792969e+00
5.290162086486816406e+00
5.296396255493164062e+00
5.285806179046630859e+00
5.294132232666015625e+00
5.284460544586181641e+00
5.291100978851318359e+00
5.284161567687988281e+00
5.287952423095703125e+00
5.289244651794433594e+00
5.285632133483886719e+00
5.302219390869140625e+00
5.259714603424072266e+00
5.305259704589843750e+00
5.266689777374267578e+00
5.282394886016845703e+00
5.261138439178466797e+00
5.266783714294433594e+00
5.292916774749755859e+00
5.287228584289550781e+00
5.275146961212158203e+00
5.281391143798828125e+00
5.295311927795410156e+00
5.273384094238281250e+00
5.316296100616455078e+00
5.264335155487060547e+00
5.289122104644775391e+00
5.294060230255126953e+00
5.270120620727539062e+00
5.268262386322021484e+00
5.277373313903808594e+00
5.290076732635498047e+00
5.257750511169433594e+00
5.297990322113037109e+00
5.278416633605957031e+00
5.303121566772460938e+00
5.290264606475830078e+00
5.292584896087646484e+00
5.273443222045898438e+00
5.295920848846435547e+00
5.269288539886474609e+00
5.285260677337646484e+00
5.290647983551025391e+00
5.278469085693359375e+00
5.313119411468505859e+00
5.266790866851806641e+00
5.290514945983886719e+00
5.277925968170166016e+00
5.291039466857910156e+00
5.279723167419433594e+00
5.284966945648193359e+00
5.269262313842773438e+00
5.274461269378662109e+00
5.286216735839843750e+00
5.267555713653564453e+00
5.273901939392089844e+00
5.295357227325439453e+00
5.274235248565673828e+00
5.273457527160644531e+00
5.244601726531982422e+00
5.266114711761474609e+00
5.278353691101074219e+00
5.285769939422607422e+00
5.261676311492919922e+00
5.282199382781982422e+00
5.268674373626708984e+00
5.320549488067626953e+00
5.262023925781250000e+00
5.305854320526123047e+00
5.277865886688232422e+00
5.279405117034912109e+00
5.296553134918212891e+00
5.270016670227050781e+00
5.283596992492675781e+00
5.277987003326416016e+00
5.279354095458984375e+00
5.276059150695800781e+00
5.285056114196777344e+00
5.263644695281982422e+00
5.290143013000488281e+00
5.291232585906982422e+00
5.293082237243652344e+00
5.284387588500976562e+00
5.281414508819580078e+00
5.296086311340332031e+00
5.270282745361328125e+00
5.287462234497070312e+00
5.271755218505859375e+00
5.271074771881103516e+00
5.269275188446044922e+00
5.278848648071289062e+00
5.274740695953369141e+00
5.275007724761962891e+00
5.297642230987548828e+00
5.296623706817626953e+00
5.314901351928710938e+00
5.276692390441894531e+00
5.281863689422607422e+00
5.297763347625732422e+00
5.265343189239501953e+00
5.265197753906250000e+00
5.292483329772949219e+00
5.282067298889160156e+00
5.287673473358154297e+00
5.294668197631835938e+00
5.273912906646728516e+00
5.275207519531250000e+00
5.279663562774658203e+00
5.282226085662841797e+00
5.282636642456054688e+00
5.274316787719726562e+00
5.303433895111083984e+00
5.274754047393798828e+00
5.290977478027343750e+00
5.284771919250488281e+00
5.293010234832763672e+00
5.277613162994384766e+00
5.275004386901855469e+00
5.294828414916992188e+00
5.277420043945312500e+00
5.292859077453613281e+00
5.278883934020996094e+00
5.282493591308593750e+00
5.293874263763427734e+00
5.304778099060058594e+00
5.264378547668457031e+00
5.277757167816162109e+00
5.290085792541503906e+00
5.282866954803466797e+00
5.276421070098876953e+00
5.313639640808105469e+00
5.246491909027099609e+00
5.293740749359130859e+00
5.291564941406250000e+00
5.265463829040527344e+00
5.281360149383544922e+00
5.277300834655761719e+00
5.285172462463378906e+00
5.269124031066894531e+00
5.283987522125244141e+00
5.291957378387451172e+00
5.284800529479980469e+00
5.306610584259033203e+00
5.272301197052001953e+00
5.283710002899169922e+00
5.261683940887451172e+00
5.285309791564941406e+00
5.282980442047119141e+00
5.281490802764892578e+00
5.274589061737060547e+00
5.276654243469238281e+00
5.280662536621093750e+00
5.280051231384277344e+00
5.277060508728027344e+00
5.289402008056640625e+00
5.286956310272216797e+00
5.263889312744140625e+00
5.300021648406982422e+00
5.276424407958984375e+00
5.260700702667236328e+00
5.276009559631347656e+00
5.259268760681152344e+00
5.268541336059570312e+00
5.278791427612304688e+00
5.281863212585449219e+00
5.293259143829345703e+00
5.297116279602050781e+00
5.271562099456787109e+00
5.274328708648681641e+00
5.313050746917724609e+00
5.282063007354736328e+00
5.276846408843994141e+00
5.293760299682617188e+00
5.274756908416748047e+00
5.284037113189697266e+00
5.272657394409179688e+00
5.277221202850341797e+00
5.296014308929443359e+00
5.276284694671630859e+00
5.269897937774658203e+00
5.299551963806152344e+00
5.270456790924072266e+00
5.304293155670166016e+00
5.270593166351318359e+00
5.270137310028076172e+00
5.284282207489013672e+00
5.287650108337402344e+00
5.266020298004150391e+00
5.286205768585205078e+00
5.288146495819091797e+00
5.280400753021240234e+00
5.294064044952392578e+00
5.263616085052490234e+00
5.289797306060791016e+00
5.280547618865966797e+00
5.297989845275878906e+00
5.300853729248046875e+00
5.301234722137451172e+00
5.286028385162353516e+00
5.276012420654296875e+00
5.288764953613281250e+00
5.282151222229003906e+00
5.286338329315185547e+00
5.246642112731933594e+00
5.282524585723876953e+00
5.286813259124755859e+00
5.299225807189941406e+00
5.300032615661621094e+00
5.286666393280029297e+00
5.265229701995849609e+00
5.299077033996582031e+00
5.287371635437011719e+00
5.292674064636230469e+00
5.277824401855468750e+00
5.286273956298828125e+00
5.281515598297119141e+00
5.288014888763427734e+00
5.288753032684326172e+00
5.292629718780517578e+00
5.276237010955810547e+00
5.290511131286621094e+00
5.286109447479248047e+00
5.288784503936767578e+00
5.281312942504882812e+00
5.280432224273681641e+00
5.276545524597167969e+00
5.273520946502685547e+00
5.294670581817626953e+00
5.321841716766357422e+00
5.264688968658447266e+00
5.298124313354492188e+00
5.286192893981933594e+00
5.242179393768310547e+00
5.279811382293701172e+00
5.283446788787841797e+00
5.283610343933105469e+00
5.268301963806152344e+00
5.270051002502441406e+00
5.300244331359863281e+00
5.277357578277587891e+00
5.296116352081298828e+00
5.287558078765869141e+00
5.277056694030761719e+00
5.292123794555664062e+00
5.284539699554443359e+00
5.269195556640625000e+00
5.280255794525146484e+00
5.271855354309082031e+00
5.281696319580078125e+00
5.300997734069824219e+00
5.283274650573730469e+00
5.269239902496337891e+00
5.300039768218994141e+00
5.280688762664794922e+00
5.284243106842041016e+00
5.280037879943847656e+00
5.277156352996826172e+00
5.294028282165527344e+00
5.269432067871093750e+00
5.293436527252197266e+00
5.275270462036132812e+00
5.294019699096679688e+00
5.285244464874267578e+00
5.278317451477050781e+00
5.279014587402343750e+00
5.279257297515869141e+00
5.304545402526855469e+00
5.275505065917968750e+00
5.299591064453125000e+00
5.262932777404785156e+00
5.312575340270996094e+00
5.279619693756103516e+00
5.268557548522949219e+00
5.289013385772705078e+00
5.274688243865966797e+00
5.283179283142089844e+00
5.304528236389160156e+00
5.291463375091552734e+00
5.255840778350830078e+00
5.278281211853027344e+00
5.284252166748046875e+00
5.284401893615722656e+00
5.272817611694335938e+00
5.282667636871337891e+00
5.263525009155273438e+00
5.304072856903076172e+00
5.276614665985107422e+00
5.295532226562500000e+00
5.288031101226806641e+00
5.273205280303955078e+00
5.271338939666748047e+00
5.291075229644775391e+00
5.274246215820312500e+00
5.291960716247558594e+00
5.280445575714111328e+00
5.289162158966064453e+00
5.267397403717041016e+00
5.304610729217529297e+00
5.260014533996582031e+00
5.272674560546875000e+00
5.301838397979736328e+00
5.263007640838623047e+00
5.273860454559326172e+00
5.285655975341796875e+00
5.259434700012207031e+00
5.281072616577148438e+00
5.286844730377197266e+00
5.295415401458740234e+00
5.262358188629150391e+00
5.276391029357910156e+00
5.290557384490966797e+00
5.274191856384277344e+00
5.280412673950195312e+00
5.271531581878662109e+00
5.275813102722167969e+00
5.297164440155029297e+00
5.295058727264404297e+00
5.266708374023437500e+00
5.293339729309082031e+00
5.277733802795410156e+00
5.272085189819335938e+00
5.271225929260253906e+00
5.292918682098388672e+00
5.279773235321044922e+00
5.274229049682617188e+00
5.273859024047851562e+00
5.287888050079345703e+00
5.283167362213134766e+00
5.277373313903808594e+00
5.280008792877197266e+00
5.258118629455566406e+00
5.283114433288574219e+00
5.277224063873291016e+00
5.297068595886230469e+00
5.285825252532958984e+00
5.277089118957519531e+00
5.299894332885742188e+00
5.289276123046875000e+00
5.295853614807128906e+00
5.274489402770996094e+00
5.294401168823242188e+00
5.289893150329589844e+00
5.268002510070800781e+00
5.290320873260498047e+00
5.243429660797119141e+00
5.286585330963134766e+00
5.281342029571533203e+00
5.271391391754150391e+00
5.278946876525878906e+00
5.268231391906738281e+00
5.271872043609619141e+00
5.277753353118896484e+00
5.283503532409667969e+00
5.272177219390869141e+00
5.299465179443359375e+00
5.282129764556884766e+00
5.289628028869628906e+00
5.286514759063720703e+00
5.296833515167236328e+00
5.284490108489990234e+00
5.290928363800048828e+00
5.302372932434082031e+00
5.281505107879638672e+00
5.297368526458740234e+00
5.287125110626220703e+00
5.262439250946044922e+00
5.296633720397949219e+00
5.292351245880126953e+00
5.267429351806640625e+00
5.288913726806640625e+00
5.252051353454589844e+00
5.280765056610107422e+00
5.271541118621826172e+00
5.269093513488769531e+00
5.283376693725585938e+00
5.278440952301025391e+00
5.277292728424072266e+00
5.281052112579345703e+00
5.283661842346191406e+00
5.291466712951660156e+00
5.271234989166259766e+00
5.302411079406738281e+00
5.264286518096923828e+00
5.279834747314453125e+00
5.300185203552246094e+00
5.263410568237304688e+00
5.280608654022216797e+00
5.293221950531005859e+00
5.279596328735351562e+00
5.258347034454345703e+00
5.297578334808349609e+00
5.277770519256591797e+00
5.281025886535644531e+00
5.286611557006835938e+00
5.278975486755371094e+00
5.273066043853759766e+00
5.266751289367675781e+00
5.281588077545166016e+00
5.278245925903320312e+00
5.277048110961914062e+00
5.292190074920654297e+00
5.296825408935546875e+00
5.288097381591796875e+00
5.255852699279785156e+00
5.277006149291992188e+00
5.294109821319580078e+00
5.291561126708984375e+00
5.274344921112060547e+00
5.284861564636230469e+00
5.276962757110595703e+00
5.300457954406738281e+00
5.273266792297363281e+00
5.281531333923339844e+00
5.278883934020996094e+00
5.267544269561767578e+00
5.288705825805664062e+00
5.286105632781982422e+00
5.287215232849121094e+00
5.275578975677490234e+00
5.267854690551757812e+00
5.303708076477050781e+00
5.281678676605224609e+00
5.271204948425292969e+00
5.297140121459960938e+00
5.266459941864013672e+00
5.294322490692138672e+00
5.291248798370361328e+00
5.295866489410400391e+00
5.289447784423828125e+00
5.268170356750488281e+00
5.293636322021484375e+00
5.284518718719482422e+00
5.280196189880371094e+00
5.275467395782470703e+00
5.285958766937255859e+00
5.299680709838867188e+00
5.256012439727783203e+00
5.278959751129150391e+00
5.265811920166015625e+00
5.301084518432617188e+00
5.302933692932128906e+00
5.269592761993408203e+00
5.292635440826416016e+00
5.305242061614990234e+00
5.279732227325439453e+00
5.287307739257812500e+00
5.290510177612304688e+00
5.279180526733398438e+00
5.262673377990722656e+00
5.293288707733154297e+00
5.275956153869628906e+00
5.282953262329101562e+00
5.278775215148925781e+00
5.278892517089843750e+00
5.282772541046142578e+00
5.280693531036376953e+00
5.297951698303222656e+00
5.266955375671386719e+00
5.303423404693603516e+00
5.281140804290771484e+00
5.296157360076904297e+00
5.317185878753662109e+00
5.287105560302734375e+00
5.265932559967041016e+00
5.278912067413330078e+00
5.303010940551757812e+00
5.286368370056152344e+00
5.289833068847656250e+00
5.270418643951416016e+00
5.295132637023925781e+00
5.278696060180664062e+00
5.285015583038330078e+00
5.291911125183105469e+00
5.290459156036376953e+00
5.278268337249755859e+00
5.270051002502441406e+00
5.299077033996582031e+00
5.282067298889160156e+00
5.283076286315917969e+00
5.275910377502441406e+00
5.290843486785888672e+00
5.283242225646972656e+00
5.278141021728515625e+00
5.256984710693359375e+00
5.287248611450195312e+00
5.280239582061767578e+00
5.284370422363281250e+00
5.279325962066650391e+00
5.292045593261718750e+00
5.289052486419677734e+00
5.283306598663330078e+00
5.286830425262451172e+00
5.266723155975341797e+00
5.271544456481933594e+00
5.290401458740234375e+00
5.261202812194824219e+00
5.298297882080078125e+00
5.263949871063232422e+00
5.291282653808593750e+00
5.263884067535400391e+00
5.287252902984619141e+00
5.285867691040039062e+00
5.285895824432373047e+00
5.249101638793945312e+00
5.292859554290771484e+00
5.293516159057617188e+00
5.270198822021484375e+00
5.273616790771484375e+00
5.280293464660644531e+00
5.251851558685302734e+00
5.293076515197753906e+00
5.297045707702636719e+00
5.287635326385498047e+00
5.306411743164062500e+00
5.284183979034423828e+00
5.294920921325683594e+00
5.285139083862304688e+00
5.276699066162109375e+00
5.261510848999023438e+00
5.293400764465332031e+00
5.269771575927734375e+00
5.291027545928955078e+00
5.274940967559814453e+00
5.282127857208251953e+00
5.284424304962158203e+00
5.296783447265625000e+00
5.273791790008544922e+00
5.298095226287841797e+00
5.283229827880859375e+00
5.260089874267578125e+00
5.272431373596191406e+00
5.297029495239257812e+00
5.272934436798095703e+00
5.278328895568847656e+00
5.282903194427490234e+00
5.304635047912597656e+00
5.280777931213378906e+00
5.288470268249511719e+00
5.253397941589355469e+00
5.282405376434326172e+00
5.277217864990234375e+00
5.285310745239257812e+00
5.271566390991210938e+00
5.286785602569580078e+00
5.287082672119140625e+00
5.278879165649414062e+00
5.280859947204589844e+00
5.311520099639892578e+00
5.281710624694824219e+00
5.263149261474609375e+00
5.281280517578125000e+00
5.259068965911865234e+00
5.268288135528564453e+00
5.287951469421386719e+00
5.277902126312255859e+00
5.291098594665527344e+00
5.269462585449218750e+00
5.286970138549804688e+00
5.294783115386962891e+00
5.269056797027587891e+00
5.273521423339843750e+00
5.287022113800048828e+00
5.270929813385009766e+00
5.281723499298095703e+00
5.286339759826660156e+00
5.303627967834472656e+00
5.287844657897949219e+00
5.281489849090576172e+00
5.293519973754882812e+00
5.283262252807617188e+00
5.281792640686035156e+00
5.285895347595214844e+00
5.311071395874023438e+00
5.251384258270263672e+00
5.299528598785400391e+00
5.285367488861083984e+00
5.296811580657958984e+00
5.255445480346679688e+00
5.299941062927246094e+00
5.274168968200683594e+00
5.290679454803466797e+00
5.288112163543701172e+00
5.267519950866699219e+00
5.282984733581542969e+00
5.275963306427001953e+00
5.289796352386474609e+00
5.292416572570800781e+00
5.280076026916503906e+00
5.281749248504638672e+00
5.271794319152832031e+00
5.275835037231445312e+00
5.281361103057861328e+00
5.271847248077392578e+00
5.285256862640380859e+00
5.297550678253173828e+00
5.283686637878417969e+00
5.274723052978515625e+00
5.300509929656982422e+00
5.290679931640625000e+00
5.271665573120117188e+00
5.262380599975585938e+00
5.297545909881591797e+00
5.290762424468994141e+00
5.297085762023925781e+00
5.271659374237060547e+00
5.276904582977294922e+00
5.285259723663330078e+00
5.293639659881591797e+00
5.281620502471923828e+00
5.278109073638916016e+00
5.288536548614501953e+00
5.275239944458007812e+00
5.279593944549560547e+00
5.284597873687744141e+00
5.300148963928222656e+00
5.285955429077148438e+00
5.274917125701904297e+00
5.283123493194580078e+00
5.290876865386962891e+00
5.215733528137207031e+00
5.302255630493164062e+00
5.268296241760253906e+00
5.283771038055419922e+00
5.280070304870605469e+00
5.271820068359375000e+00
5.286544799804687500e+00
5.281775474548339844e+00
5.297068119049072266e+00
5.271074771881103516e+00
5.275631427764892578e+00
5.270059585571289062e+00
5.304680347442626953e+00
5.291836738586425781e+00
5.276219367980957031e+00
5.273766517639160156e+00
5.287218570709228516e+00
5.299921989440917969e+00
5.283308029174804688e+00
5.275263786315917969e+00
5.287297725677490234e+00
5.279225826263427734e+00
5.299142360687255859e+00
5.275855064392089844e+00
5.273652553558349609e+00
5.250777721405029297e+00
5.285745620727539062e+00
5.292598247528076172e+00
5.282022953033447266e+00
5.254913806915283203e+00
5.309708118438720703e+00
5.284082889556884766e+00
5.275082111358642578e+00
5.269134521484375000e+00
5.270792484283447266e+00
5.286512374877929688e+00
5.276276588439941406e+00
5.280842304229736328e+00
5.293758869171142578e+00
5.280261993408203125e+00
5.278304100036621094e+00
5.278876781463623047e+00
5.271824359893798828e+00
5.292260169982910156e+00
5.284986495971679688e+00
5.278968811035156250e+00
5.295885086059570312e+00
5.290196418762207031e+00
5.265487194061279297e+00
5.292957305908203125e+00
5.286240577697753906e+00
5.287269592285156250e+00
5.270796775817871094e+00
5.287155151367187500e+00
5.277929782867431641e+00
5.303042888641357422e+00
5.292415618896484375e+00
5.275513172149658203e+00
5.276945114135742188e+00
5.280622959136962891e+00
5.269139766693115234e+00
5.283358573913574219e+00
5.269364833831787109e+00
5.286543369293212891e+00
5.283395767211914062e+00
5.265471935272216797e+00
5.282365322113037109e+00
5.249906539916992188e+00
5.300457954406738281e+00
5.284023761749267578e+00
5.279270172119140625e+00
5.290250301361083984e+00
5.304872989654541016e+00
5.299086093902587891e+00
5.293073654174804688e+00
5.280097007751464844e+00
5.298260688781738281e+00
5.276929378509521484e+00
5.311289310455322266e+00
5.287703990936279297e+00
5.278726100921630859e+00
5.274184226989746094e+00
5.270534515380859375e+00
5.288975238800048828e+00
5.290975093841552734e+00
5.284867763519287109e+00
5.277755260467529297e+00
5.293027400970458984e+00
5.270320415496826172e+00
5.324976444244384766e+00
5.290016651153564453e+00
5.261421203613281250e+00
5.277097702026367188e+00
5.254911899566650391e+00
5.266385078430175781e+00
5.287048339843750000e+00
5.277495861053466797e+00
5.274728775024414062e+00
5.286527156829833984e+00
5.284547328948974609e+00
5.315324306488037109e+00
5.310743808746337891e+00
5.282492160797119141e+00
5.276793479919433594e+00
5.270842552185058594e+00
5.266292095184326172e+00
5.294285774230957031e+00
5.278771877288818359e+00
5.292213916778564453e+00
5.282211780548095703e+00
5.270741462707519531e+00
5.289391994476318359e+00
5.304677009582519531e+00
5.257613658905029297e+00
5.296994209289550781e+00
5.282276153564453125e+00
5.284862995147705078e+00
5.292078495025634766e+00
5.302143573760986328e+00
5.286910057067871094e+00
5.285649299621582031e+00
5.289260387420654297e+00
5.295809268951416016e+00
5.272255897521972656e+00
5.280824184417724609e+00
5.304162979125976562e+00
5.280800819396972656e+00
5.304806232452392578e+00
5.281095981597900391e+00
5.285295486450195312e+00
5.263834476470947266e+00
5.304727554321289062e+00
5.281792640686035156e+00
5.235366821289062500e+00
5.293967247009277344e+00
5.266524314880371094e+00
5.296866416931152344e+00
5.279634952545166016e+00
5.268265247344970703e+00
5.289694786071777344e+00
5.296135902404785156e+00
5.280151367187500000e+00
5.307765483856201172e+00
5.274372100830078125e+00
5.265233516693115234e+00
5.298185348510742188e+00
5.275455474853515625e+00
5.294127464294433594e+00
5.286598682403564453e+00
5.287743091583251953e+00
5.284383296966552734e+00
5.284826278686523438e+00
5.281894683837890625e+00
5.287756443023681641e+00
5.266921997070312500e+00
5.262912273406982422e+00
5.291365146636962891e+00
5.290940284729003906e+00
5.277706146240234375e+00
5.276791095733642578e+00
5.271183490753173828e+00
5.288967609405517578e+00
5.284336090087890625e+00
5.296299457550048828e+00
5.280130863189697266e+00
5.295197963714599609e+00
5.272937297821044922e+00
5.264545440673828125e+00
5.266577720642089844e+00
5.262511730194091797e+00
5.315910339355468750e+00
5.276855468750000000e+00
5.265772819519042969e+00
5.291591167449951172e+00
5.285471916198730469e+00
5.274302959442138672e+00
5.274547576904296875e+00
5.281497478485107422e+00
5.300005435943603516e+00
5.286777019500732422e+00
5.278699874877929688e+00
5.282400608062744141e+00
5.298473834991455078e+00
5.281295776367187500e+00
5.296108722686767578e+00
5.278481483459472656e+00
5.269974231719970703e+00
5.294980525970458984e+00
5.263747692108154297e+00
5.298699378967285156e+00
5.266274929046630859e+00
5.278309345245361328e+00
5.291068077087402344e+00
5.291875839233398438e+00
5.281096458435058594e+00
5.299961090087890625e+00
5.273857116699218750e+00
5.289262771606445312e+00
5.250154972076416016e+00
5.289066314697265625e+00
5.281023979187011719e+00
5.273119449615478516e+00
5.281042098999023438e+00
5.292908668518066406e+00
5.253865242004394531e+00
5.283469676971435547e+00
5.285778045654296875e+00
5.286451816558837891e+00
5.279220104217529297e+00
5.292371273040771484e+00
5.283573627471923828e+00
5.273433685302734375e+00
5.281028270721435547e+00
5.285082817077636719e+00
5.286272048950195312e+00
5.278694152832031250e+00
5.288521289825439453e+00
5.298784255981445312e+00
5.312800407409667969e+00
5.261954307556152344e+00
5.294839382171630859e+00
5.285398483276367188e+00
5.270984172821044922e+00
5.317656040191650391e+00
5.273400306701660156e+00
5.271670341491699219e+00
5.284475803375244141e+00
5.293129920959472656e+00
5.275453090667724609e+00
5.280083179473876953e+00
5.314720153808593750e+00
5.249784946441650391e+00
5.325325489044189453e+00
5.282330036163330078e+00
5.267326354980468750e+00
5.295695304870605469e+00
5.277931690216064453e+00
5.279132843017578125e+00
5.283372879028320312e+00
5.296643733978271484e+00
5.290298938751220703e+00
5.275970458984375000e+00
5.264020442962646484e+00
5.307271957397460938e+00
5.270973205566406250e+00
5.293684482574462891e+00
5.279984474182128906e+00
5.295246601104736328e+00
5.256449699401855469e+00
5.299622535705566406e+00
5.253756523132324219e+00
5.292817115783691406e+00
5.269347190856933594e+00
5.278838157653808594e+00
5.284595489501953125e+00
5.280170917510986328e+00
5.277089118957519531e+00
5.277343273162841797e+00
5.277748584747314453e+00
5.298267841339111328e+00
5.292169570922851562e+00
5.242492198944091797e+00
5.277523517608642578e+00
5.294569492340087891e+00
5.279045104980468750e+00
5.275886535644531250e+00
5.271386146545410156e+00
5.288272380828857422e+00
5.275488853454589844e+00
5.280569553375244141e+00
5.283730506896972656e+00
5.284625530242919922e+00
5.281957626342773438e+00
5.291776180267333984e+00
5.267619132995605469e+00
5.271427631378173828e+00
5.291099548339843750e+00
5.275639057159423828e+00
5.279262542724609375e+00
5.289152145385742188e+00
5.264367580413818359e+00
5.248485088348388672e+00
5.291342735290527344e+00
5.268131732940673828e+00
5.295611858367919922e+00
5.259809970855712891e+00
5.288778305053710938e+00
5.285180568695068359e+00
5.272912979125976562e+00
5.292225837707519531e+00
5.274843692779541016e+00
5.291974067687988281e+00
5.253782272338867188e+00
5.282742977142333984e+00
5.277212619781494141e+00
5.269444465637207031e+00
5.300251960754394531e+00
5.266586780548095703e+00
5.277511119842529297e+00
5.277120590209960938e+00
5.296091079711914062e+00
5.283835887908935547e+00
5.255125999450683594e+00
5.278943061828613281e+00
5.268793582916259766e+00
5.281414985656738281e+00
5.292342185974121094e+00
5.278879165649414062e+00
5.268368721008300781e+00
5.282141685485839844e+00
5.275263309478759766e+00
5.294126033782958984e+00
5.282113075256347656e+00
5.272044658660888672e+00
5.284712314605712891e+00
5.295413494110107422e+00
5.286614418029785156e+00
5.295846939086914062e+00
5.281811237335205078e+00
5.285967826843261719e+00
5.267498970031738281e+00
5.292320251464843750e+00
5.276401042938232422e+00
5.264760971069335938e+00
5.290556430816650391e+00
5.285284042358398438e+00
5.279020786285400391e+00
5.270590782165527344e+00
5.272392272949218750e+00
5.288898944854736328e+00
5.266809940338134766e+00
5.287932872772216797e+00
5.276841640472412109e+00
5.297043800354003906e+00
5.281436443328857422e+00
5.287599086761474609e+00
5.268805503845214844e+00
5.287977695465087891e+00
5.286566257476806641e+00
5.286429405212402344e+00
5.277320861816406250e+00
5.273380279541015625e+00
5.294559001922607422e+00
5.292626380920410156e+00
5.297318935394287109e+00
5.289990425109863281e+00
5.292825222015380859e+00
5.313024997711181641e+00
5.260684967041015625e+00
5.280677318572998047e+00
5.273879051208496094e+00
5.277250289916992188e+00
5.278083801269531250e+00
5.288582324981689453e+00
5.301748275756835938e+00
5.277341365814208984e+00
5.296845436096191406e+00
5.266051292419433594e+00
5.270740985870361328e+00
5.296067714691162109e+00
5.268503189086914062e+00
5.294020175933837891e+00
5.268670082092285156e+00
5.301208019256591797e+00
5.293282032012939453e+00
5.260826110839843750e+00
5.297360897064208984e+00
5.282574653625488281e+00
5.278863906860351562e+00
5.302653312683105469e+00
5.267503738403320312e+00
5.290343761444091797e+00
5.270394802093505859e+00
5.284490108489990234e+00
5.298962593078613281e+00
5.308006286621093750e+00
5.275018692016601562e+00
5.286290645599365234e+00
5.277456283569335938e+00
5.281267166137695312e+00
5.273816585540771484e+00
5.281378746032714844e+00
5.279759407043457031e+00
5.280589103698730469e+00
5.246636867523193359e+00
5.276461601257324219e+00
5.258824348449707031e+00
5.280390739440917969e+00
5.284598827362060547e+00
5.297743320465087891e+00
5.274891853332519531e+00
5.297076225280761719e+00
5.283679962158203125e+00
5.280353069305419922e+00
5.285223007202148438e+00
5.288861274719238281e+00
5.289578437805175781e+00
5.297212123870849609e+00
5.291346549987792969e+00
5.300985813140869141e+00
5.303894519805908203e+00
5.268577098846435547e+00
5.282422542572021484e+00
5.292861938476562500e+00
5.299354076385498047e+00
5.270648956298828125e+00
5.282333374023437500e+00
5.282051086425781250e+00
5.273427009582519531e+00
5.272945880889892578e+00
5.287499427795410156e+00
5.279074668884277344e+00
5.280678749084472656e+00
5.274522304534912109e+00
5.287576675415039062e+00
5.282875061035156250e+00
5.255138874053955078e+00
5.291403770446777344e+00
5.275032520294189453e+00
5.290461540222167969e+00
5.287659645080566406e+00
5.264616489410400391e+00
5.288389205932617188e+00
5.275601387023925781e+00
5.278391838073730469e+00
5.292864322662353516e+00
5.273599147796630859e+00
5.292730331420898438e+00
5.269001483917236328e+00
5.295904636383056641e+00
5.268043518066406250e+00
5.277069091796875000e+00
5.287302017211914062e+00
5.284777164459228516e+00
5.278101444244384766e+00
5.280261993408203125e+00
5.293243885040283203e+00
5.291981220245361328e+00
5.272201538085937500e+00
5.286919593811035156e+00
5.302481174468994141e+00
5.262774944305419922e+00
5.287038326263427734e+00
5.237271785736083984e+00
5.287549972534179688e+00
5.284739971160888672e+00
5.291569232940673828e+00
5.281804084777832031e+00
5.281674385070800781e+00
5.286691188812255859e+00
5.302844047546386719e+00
5.269478321075439453e+00
5.280043601989746094e+00
5.292755126953125000e+00
5.291306972503662109e+00
5.292497158050537109e+00
5.261117935180664062e+00
5.298143386840820312e+00
5.276598453521728516e+00
5.270144939422607422e+00
5.292795658111572266e+00
5.299700260162353516e+00
5.297330856323242188e+00
5.266244888305664062e+00
5.274029731750488281e+00
5.272065639495849609e+00
5.271724700927734375e+00
5.275669097900390625e+00
5.300403594970703125e+00
5.305834770202636719e+00
5.298400878906250000e+00
5.260704994201660156e+00
5.277211189270019531e+00
5.283411026000976562e+00
5.277724742889404297e+00
5.287174701690673828e+00
5.264491558074951172e+00
5.299756050109863281e+00
5.282361030578613281e+00
5.286747932434082031e+00
5.290927410125732422e+00
5.267911434173583984e+00
5.264327526092529297e+00
5.283856391906738281e+00
5.283061027526855469e+00
5.276574134826660156e+00
5.283612251281738281e+00
5.278825759887695312e+00
5.272957324981689453e+00
5.277907371520996094e+00
5.277339935302734375e+00
5.280428886413574219e+00
5.294975280761718750e+00
5.288437843322753906e+00
5.291861534118652344e+00
5.297812461853027344e+00
5.274227619171142578e+00
5.272091865539550781e+00
5.296530723571777344e+00
5.286850452423095703e+00
5.282184123992919922e+00
5.242006301879882812e+00
5.272529602050781250e+00
5.277233600616455078e+00
5.290999412536621094e+00
5.273470401763916016e+00
5.299587726593017578e+00
5.278056144714355469e+00
5.284210205078125000e+00
5.264418601989746094e+00
5.301588058471679688e+00
5.255653858184814453e+00
5.298119068145751953e+00
5.281155586242675781e+00
5.305225849151611328e+00
5.275841712951660156e+00
5.305489063262939453e+00
5.301148414611816406e+00
5.273715496063232422e+00
5.305408000946044922e+00
5.291105270385742188e+00
5.271388530731201172e+00
5.295660495758056641e+00
5.298040866851806641e+00
5.297566890716552734e+00
5.264315128326416016e+00
5.280174255371093750e+00
5.276682376861572266e+00
5.280266761779785156e+00
5.286790370941162109e+00
5.284898757934570312e+00
5.279347419738769531e+00
5.260020256042480469e+00
5.299417018890380859e+00
5.290826320648193359e+00
5.293425559997558594e+00
5.277416229248046875e+00
5.284307479858398438e+00
5.304595947265625000e+00
5.279449939727783203e+00
5.283939838409423828e+00
5.281103134155273438e+00
5.294514656066894531e+00
5.266771316528320312e+00
5.282783031463623047e+00
5.288358688354492188e+00
5.284865379333496094e+00
5.282315254211425781e+00
5.284233093261718750e+00
5.276757240295410156e+00
5.299699306488037109e+00
5.290041923522949219e+00
5.292869567871093750e+00
5.269804000854492188e+00
5.288565158843994141e+00
5.286849975585937500e+00
5.291257858276367188e+00
5.301044464111328125e+00
5.256419181823730469e+00
5.273130893707275391e+00
5.283560276031494141e+00
5.279053211212158203e+00
5.289306640625000000e+00
5.290445327758789062e+00
5.276646614074707031e+00
5.277616024017333984e+00
5.280159950256347656e+00
5.290054321289062500e+00
5.268799304962158203e+00
5.293654441833496094e+00
5.296011924743652344e+00
5.278483390808105469e+00
5.249171733856201172e+00
5.309366226196289062e+00
5.282896041870117188e+00
5.270722866058349609e+00
5.293521881103515625e+00
5.271553039550781250e+00
5.292334079742431641e+00
5.292851448059082031e+00
5.268381595611572266e+00
5.270319461822509766e+00
5.291642665863037109e+00
5.288363456726074219e+00
5.262095451354980469e+00
5.289515495300292969e+00
5.266479015350341797e+00
5.290962219238281250e+00
5.301814079284667969e+00
5.271208763122558594e+00
5.290761470794677734e+00
5.294439792633056641e+00
5.299992561340332031e+00
5.261417865753173828e+00
5.290067195892333984e+00
5.285844326019287109e+00
5.274541378021240234e+00
5.274461269378662109e+00
5.273575782775878906e+00
5.272706985473632812e+00
5.280622005462646484e+00
5.291769981384277344e+00
5.268689632415771484e+00
5.278833389282226562e+00
5.283510684967041016e+00
5.290076732635498047e+00
5.264852523803710938e+00
5.289443969726562500e+00
5.275877475738525391e+00
5.283375263214111328e+00
5.273290157318115234e+00
5.292933464050292969e+00
5.293880462646484375e+00
5.259008884429931641e+00
5.264831066131591797e+00
5.298211574554443359e+00
5.277075290679931641e+00
5.281450271606445312e+00
5.266263484954833984e+00
5.293678283691406250e+00
5.285025596618652344e+00
5.276124477386474609e+00
5.302576541900634766e+00
5.286201953887939453e+00
5.276124954223632812e+00
5.285884857177734375e+00
5.299850463867187500e+00
5.251094341278076172e+00
5.290686130523681641e+00
5.265301704406738281e+00
5.274480819702148438e+00
5.300138473510742188e+00
5.283127784729003906e+00
5.295029163360595703e+00
5.277896881103515625e+00
5.296955585479736328e+00
5.265317440032958984e+00
5.270521163940429688e+00
5.292220592498779297e+00
5.273618221282958984e+00
5.272043704986572266e+00
5.294506072998046875e+00
5.285102844238281250e+00
5.293390274047851562e+00
5.279212951660156250e+00
5.290540695190429688e+00
5.283028602600097656e+00
5.304790973663330078e+00
5.260544776916503906e+00
5.292126178741455078e+00
5.288763999938964844e+00
5.301702022552490234e+00
5.269209384918212891e+00
5.293690681457519531e+00
5.297776699066162109e+00
5.276235580444335938e+00
5.267911434173583984e+00
5.278565406799316406e+00
5.294118881225585938e+00
5.306121349334716797e+00
5.281024932861328125e+00
5.300504684448242188e+00
5.277023315429687500e+00
5.283153057098388672e+00
5.297783374786376953e+00
5.290511608123779297e+00
5.236097335815429688e+00
5.290297031402587891e+00
5.289034843444824219e+00
5.290285110473632812e+00
5.268713951110839844e+00
5.297010421752929688e+00
5.272148609161376953e+00
5.290205001831054688e+00
5.299025058746337891e+00
5.297807693481445312e+00
5.264325141906738281e+00
5.307040691375732422e+00
5.257793426513671875e+00
5.296285629272460938e+00
5.287444591522216797e+00
5.334825515747070312e+00
5.272392749786376953e+00
5.302312374114990234e+00
5.254130840301513672e+00
5.294324874877929688e+00
5.277678012847900391e+00
5.279989242553710938e+00
5.273198604583740234e+00
5.274434089660644531e+00
5.282812595367431641e+00
5.266792774200439453e+00
5.308061122894287109e+00
5.290009975433349609e+00
5.277630805969238281e+00
5.285305976867675781e+00
5.316461086273193359e+00
5.276875972747802734e+00
5.276563167572021484e+00
5.268365859985351562e+00
5.286540985107421875e+00
5.252979278564453125e+00
5.291159152984619141e+00
5.289805412292480469e+00
5.286695003509521484e+00
5.282890319824218750e+00
5.274285793304443359e+00
5.277011871337890625e+00
5.293739318847656250e+00
5.282878398895263672e+00
5.284834861755371094e+00
5.270473480224609375e+00
5.283668994903564453e+00
5.275642871856689453e+00
5.285227775573730469e+00
5.294690132141113281e+00
5.287029743194580078e+00
5.264378547668457031e+00
5.284887790679931641e+00
5.285620212554931641e+00
5.268251419067382812e+00
5.284233570098876953e+00
5.289182186126708984e+00
5.276869773864746094e+00
5.304451465606689453e+00
5.281888484954833984e+00
5.293122291564941406e+00
5.274278163909912109e+00
5.273677825927734375e+00
5.280017375946044922e+00
5.260774612426757812e+00
5.285647869110107422e+00
5.286121845245361328e+00
5.301613807678222656e+00
5.289829730987548828e+00
5.272274971008300781e+00
5.281486511230468750e+00
5.277354240417480469e+00
5.278467178344726562e+00
5.266690731048583984e+00
5.276456356048583984e+00
5.284787178039550781e+00
5.280594348907470703e+00
5.282654762268066406e+00
5.256090164184570312e+00
5.303674221038818359e+00
5.275309562683105469e+00
5.273213863372802734e+00
5.283123016357421875e+00
5.287572860717773438e+00
5.288220405578613281e+00
5.286840438842773438e+00
5.275676250457763672e+00
5.270300388336181641e+00
5.297256946563720703e+00
5.290165901184082031e+00
5.289664268493652344e+00
5.277574539184570312e+00
5.290781497955322266e+00
5.281318664550781250e+00
5.271468162536621094e+00
5.293261051177978516e+00
5.287706375122070312e+00
5.297532081604003906e+00
5.291414737701416016e+00
5.225554466247558594e+00
5.283855438232421875e+00
5.288480281829833984e+00
5.291715145111083984e+00
5.274275302886962891e+00
5.288494110107421875e+00
5.290111064910888672e+00
5.289079666137695312e+00
5.273377895355224609e+00
5.281080245971679688e+00
5.273479938507080078e+00
5.296713352203369141e+00
5.298477172851562500e+00
5.313113212585449219e+00
5.289437294006347656e+00
5.301557064056396484e+00
5.289352416992187500e+00
5.264769554138183594e+00
5.305301189422607422e+00
5.267940044403076172e+00
5.270030975341796875e+00
5.304824352264404297e+00
5.286240577697753906e+00
5.268060684204101562e+00
5.339920043945312500e+00
5.285094738006591797e+00
5.268222808837890625e+00
5.281318664550781250e+00
5.277852058410644531e+00
5.280556678771972656e+00
5.274239540100097656e+00
5.264846324920654297e+00
5.262318134307861328e+00
5.291771888732910156e+00
5.269484996795654297e+00
5.276201248168945312e+00
5.261888504028320312e+00
5.283275127410888672e+00
5.284703254699707031e+00
5.275124073028564453e+00
5.281731605529785156e+00
5.273456573486328125e+00
5.304347991943359375e+00
5.287430763244628906e+00
5.286372184753417969e+00
5.266983509063720703e+00
5.281864643096923828e+00
5.252239704132080078e+00
5.285158634185791016e+00
5.267869949340820312e+00
5.293114185333251953e+00
5.259391784667968750e+00
5.288737773895263672e+00
5.290868759155273438e+00
5.277735233306884766e+00
5.271206855773925781e+00
5.290413379669189453e+00
5.258413791656494141e+00
5.311861038208007812e+00
5.274177074432373047e+00
5.289009571075439453e+00
5.277194499969482422e+00
5.279144287109375000e+00
5.268153190612792969e+00
5.288217067718505859e+00
5.267352581024169922e+00
5.306931495666503906e+00
5.267735004425048828e+00
5.254048824310302734e+00
5.304884910583496094e+00
5.279837608337402344e+00
5.290596008300781250e+00
5.279797554016113281e+00
5.276573657989501953e+00
5.278417110443115234e+00
5.280994892120361328e+00
5.267562866210937500e+00
5.278815746307373047e+00
5.298818111419677734e+00
5.258218765258789062e+00
5.311748504638671875e+00
5.286222934722900391e+00
5.297175884246826172e+00
5.258905887603759766e+00
5.297146797180175781e+00
5.274617671966552734e+00
5.275742530822753906e+00
5.290136337280273438e+00
5.251035690307617188e+00
5.286118984222412109e+00
5.307692050933837891e+00
5.259404659271240234e+00
5.264818191528320312e+00
5.268776416778564453e+00
5.290936946868896484e+00
5.296614170074462891e+00
5.286554336547851562e+00
5.283751964569091797e+00
5.283612251281738281e+00
5.308937072753906250e+00
5.273385047912597656e+00
5.264548301696777344e+00
5.275943279266357422e+00
5.295279502868652344e+00
5.259807586669921875e+00
5.292592525482177734e+00
5.291897296905517578e+00
5.290011405944824219e+00
5.296306133270263672e+00
5.277811527252197266e+00
5.273185253143310547e+00
5.292965412139892578e+00
5.281408786773681641e+00
5.289056301116943359e+00
5.272925376892089844e+00
5.275538921356201172e+00
5.279415607452392578e+00
5.290113449096679688e+00
5.275054454803466797e+00
5.288468360900878906e+00
5.292923450469970703e+00
5.281865596771240234e+00
5.256596088409423828e+00
5.279943466186523438e+00
5.282373428344726562e+00
5.270936489105224609e+00
5.289174079895019531e+00
5.288517475128173828e+00
5.252277851104736328e+00
5.297248363494873047e+00
5.265177726745605469e+00
5.272542953491210938e+00
5.269983768463134766e+00
5.267830848693847656e+00
5.276802062988281250e+00
5.271924018859863281e+00
5.295227527618408203e+00
5.291802406311035156e+00
5.315034866333007812e+00
5.292383193969726562e+00
5.302754878997802734e+00
5.305213451385498047e+00
5.284583091735839844e+00
5.294517517089843750e+00
5.262844085693359375e+00
5.267619609832763672e+00
5.275743961334228516e+00
5.293398857116699219e+00
5.280577182769775391e+00
5.284603118896484375e+00
5.272156715393066406e+00
5.296212196350097656e+00
5.283682823181152344e+00
5.272543907165527344e+00
5.281230449676513672e+00
5.276693344116210938e+00
5.291778087615966797e+00
5.267576217651367188e+00
5.284477710723876953e+00
5.283070087432861328e+00
5.271930694580078125e+00
5.297993659973144531e+00
5.286997318267822266e+00
5.270200729370117188e+00
5.247945785522460938e+00
5.288848400115966797e+00
5.276064872741699219e+00
5.323391437530517578e+00
5.277363300323486328e+00
5.254978179931640625e+00
5.281842231750488281e+00
5.280854225158691406e+00
5.296591281890869141e+00
5.282843589782714844e+00
5.288897037506103516e+00
5.282844066619873047e+00
5.271814346313476562e+00
5.289742946624755859e+00
5.309329986572265625e+00
5.280419826507568359e+00
5.296519279479980469e+00
5.293184757232666016e+00
5.278334617614746094e+00
5.270349025726318359e+00
5.290317058563232422e+00
5.289197444915771484e+00
5.285156250000000000e+00
5.288800239562988281e+00
5.301375389099121094e+00
5.288529396057128906e+00
5.292429924011230469e+00
5.288738727569580078e+00
5.285792350769042969e+00
5.275092601776123047e+00
5.297268867492675781e+00
5.297245502471923828e+00
5.241288661956787109e+00
5.282198429107666016e+00
5.271747589111328125e+00
5.294570922851562500e+00
5.296434879302978516e+00
5.276776790618896484e+00
5.296428680419921875e+00
5.270713806152343750e+00
5.293399810791015625e+00
5.263376235961914062e+00
5.290770530700683594e+00
5.286763191223144531e+00
5.278326034545898438e+00
5.268722534179687500e+00
5.303940296173095703e+00
5.272464275360107422e+00
5.266942977905273438e+00
5.283642768859863281e+00
5.276317119598388672e+00
5.263086318969726562e+00
5.286473751068115234e+00
5.305031299591064453e+00
5.279945850372314453e+00
5.285535335540771484e+00
5.272872924804687500e+00
5.277697563171386719e+00
5.287663936614990234e+00
5.298974990844726562e+00
5.271619319915771484e+00
5.265779495239257812e+00
5.290729522705078125e+00
5.280632495880126953e+00
5.262928962707519531e+00
5.291597366333007812e+00
5.292771816253662109e+00
5.262266159057617188e+00
5.277494907379150391e+00
5.284332752227783203e+00
5.270381450653076172e+00
5.283664703369140625e+00
5.277821063995361328e+00
5.301541805267333984e+00
5.287161350250244141e+00
